time alpha-beta alpha-gamma beta-gamma alpha-gamma-minus-alpha-beta
0.00000e+00 0.00000e+00 0.00000e+00 0.00000e+00 0.00000e+00
5.00000e-03 1.87888e-01 -2.10424e+00 -2.26029e+00 -2.29213e+00
1.00000e-02 4.98920e-01 -4.28145e+00 -4.78901e+00 -4.78037e+00
1.50000e-02 6.92649e-01 -6.63361e+00 -7.33211e+00 -7.32626e+00
2.00000e-02 9.47104e-01 -9.09580e+00 -1.00129e+01 -1.00429e+01
2.50000e-02 1.16958e+00 -1.16690e+01 -1.28217e+01 -1.28385e+01
3.00000e-02 1.39457e+00 -1.43496e+01 -1.57506e+01 -1.57442e+01
3.50000e-02 1.68472e+00 -1.71293e+01 -1.88029e+01 -1.88140e+01
4.00000e-02 1.85401e+00 -2.00407e+01 -2.18919e+01 -2.18947e+01
4.50000e-02 2.18037e+00 -2.29041e+01 -2.50905e+01 -2.50845e+01
5.00000e-02 2.34016e+00 -2.59453e+01 -2.82853e+01 -2.82854e+01
5.50000e-02 2.70694e+00 -2.89541e+01 -3.16575e+01 -3.16611e+01
6.00000e-02 2.85016e+00 -3.20068e+01 -3.48700e+01 -3.48569e+01
6.50000e-02 3.16397e+00 -3.51008e+01 -3.82563e+01 -3.82648e+01
7.00000e-02 3.32204e+00 -3.82298e+01 -4.15334e+01 -4.15518e+01
7.50000e-02 3.60890e+00 -4.12891e+01 -4.49108e+01 -4.48980e+01
8.00000e-02 3.84665e+00 -4.43874e+01 -4.82304e+01 -4.82340e+01
8.50000e-02 4.07262e+00 -4.74059e+01 -5.14709e+01 -5.14785e+01
9.00000e-02 4.36639e+00 -5.03742e+01 -5.47421e+01 -5.47405e+01
9.50000e-02 4.57124e+00 -5.32204e+01 -5.78035e+01 -5.77916e+01
1.00000e-01 4.86044e+00 -5.60340e+01 -6.08773e+01 -6.08944e+01
1.05000e-01 5.05860e+00 -5.87588e+01 -6.38106e+01 -6.38174e+01
1.10000e-01 5.27551e+00 -6.13006e+01 -6.65915e+01 -6.65761e+01
1.15000e-01 5.54981e+00 -6.38467e+01 -6.93895e+01 -6.93965e+01
1.20000e-01 5.75507e+00 -6.61756e+01 -7.19143e+01 -7.19306e+01
1.25000e-01 6.07525e+00 -6.83878e+01 -7.44710e+01 -7.44630e+01
1.30000e-01 6.23038e+00 -7.04705e+01 -7.66969e+01 -7.67008e+01
1.35000e-01 6.53033e+00 -7.23755e+01 -7.88891e+01 -7.89058e+01
1.40000e-01 6.72685e+00 -7.41215e+01 -8.08502e+01 -8.08483e+01
1.45000e-01 7.03296e+00 -7.56660e+01 -8.26969e+01 -8.26990e+01
1.50000e-01 7.20490e+00 -7.70692e+01 -8.42463e+01 -8.42741e+01
1.55000e-01 7.49973e+00 -7.82381e+01 -8.57464e+01 -8.57378e+01
1.60000e-01 7.69945e+00 -7.92521e+01 -8.69513e+01 -8.69515e+01
1.65000e-01 7.99328e+00 -8.00989e+01 -8.80680e+01 -8.80922e+01
1.70000e-01 8.21022e+00 -8.07280e+01 -8.89437e+01 -8.89382e+01
1.75000e-01 8.47151e+00 -8.11416e+01 -8.96266e+01 -8.96131e+01
1.80000e-01 8.72879e+00 -8.14502e+01 -9.01700e+01 -9.01790e+01
1.85000e-01 8.95252e+00 -8.14974e+01 -9.04463e+01 -9.04499e+01
1.90000e-01 9.22516e+00 -8.14304e+01 -9.06652e+01 -9.06555e+01
1.95000e-01 9.39432e+00 -8.12411e+01 -9.06193e+01 -9.06354e+01
2.00000e-01 9.71370e+00 -8.08637e+01 -9.05827e+01 -9.05774e+01
2.05000e-01 9.92907e+00 -8.03534e+01 -9.02922e+01 -9.02825e+01
2.10000e-01 1.02121e+01 -7.96097e+01 -8.97965e+01 -8.98218e+01
2.15000e-01 1.04386e+01 -7.87927e+01 -8.92342e+01 -8.92313e+01
2.20000e-01 1.06342e+01 -7.77391e+01 -8.83864e+01 -8.83733e+01
2.25000e-01 1.09460e+01 -7.65713e+01 -8.75005e+01 -8.75174e+01
2.30000e-01 1.11289e+01 -7.52930e+01 -8.64042e+01 -8.64219e+01
2.35000e-01 1.14362e+01 -7.37553e+01 -8.52062e+01 -8.51915e+01
2.40000e-01 1.16056e+01 -7.21986e+01 -8.38013e+01 -8.38042e+01
2.45000e-01 1.19054e+01 -7.04412e+01 -8.23431e+01 -8.23467e+01
2.50000e-01 1.21516e+01 -6.85664e+01 -8.07278e+01 -8.07180e+01
2.55000e-01 1.23601e+01 -6.65502e+01 -7.89245e+01 -7.89102e+01
2.60000e-01 1.26587e+01 -6.44225e+01 -7.70666e+01 -7.70812e+01
2.65000e-01 1.28269e+01 -6.21714e+01 -7.49983e+01 -7.49982e+01
2.70000e-01 1.31495e+01 -5.97712e+01 -7.29201e+01 -7.29207e+01
2.75000e-01 1.33380e+01 -5.72444e+01 -7.05597e+01 -7.05823e+01
2.80000e-01 1.36224e+01 -5.46027e+01 -6.82381e+01 -6.82251e+01
2.85000e-01 1.38257e+01 -5.18964e+01 -6.57416e+01 -6.57221e+01
2.90000e-01 1.41132e+01 -4.90774e+01 -6.31786e+01 -6.31907e+01
2.95000e-01 1.43617e+01 -4.62368e+01 -6.06010e+01 -6.05985e+01
3.00000e-01 1.46167e+01 -4.32298e+01 -5.78639e+01 -5.78464e+01
3.05000e-01 1.48305e+01 -4.02676e+01 -5.50805e+01 -5.50981e+01
3.10000e-01 1.51197e+01 -3.71904e+01 -5.22964e+01 -5.23101e+01
3.15000e-01 1.53344e+01 -3.41392e+01 -4.94913e+01 -4.94736e+01
3.20000e-01 1.56264e+01 -3.10617e+01 -4.66754e+01 -4.66881e+01
3.25000e-01 1.57995e+01 -2.80031e+01 -4.37849e+01 -4.38026e+01
3.30000e-01 1.61068e+01 -2.49225e+01 -4.10439e+01 -4.10293e+01
3.35000e-01 1.63136e+01 -2.18805e+01 -3.81834e+01 -3.81940e+01
3.40000e-01 1.66368e+01 -1.89108e+01 -3.55414e+01 -3.55476e+01
3.45000e-01 1.68396e+01 -1.59268e+01 -3.27727e+01 -3.27664e+01
3.50000e-01 1.70886e+01 -1.31125e+01 -3.01956e+01 -3.02010e+01
3.55000e-01 1.73227e+01 -1.03179e+01 -2.76161e+01 -2.76407e+01
3.60000e-01 1.75757e+01 -7.65151e+00 -2.52331e+01 -2.52272e+01
3.65000e-01 1.78232e+01 -5.06549e+00 -2.28902e+01 -2.28887e+01
3.70000e-01 1.80379e+01 -2.65762e+00 -2.06714e+01 -2.06955e+01
3.75000e-01 1.83177e+01 -3.15465e-01 -1.86471e+01 -1.86332e+01
3.80000e-01 1.85770e+01 1.81213e+00 -1.67731e+01 -1.67649e+01
3.85000e-01 1.88086e+01 3.81638e+00 -1.49850e+01 -1.49922e+01
3.90000e-01 1.90977e+01 5.65565e+00 -1.34429e+01 -1.34420e+01
3.95000e-01 1.92540e+01 7.31877e+00 -1.19403e+01 -1.19352e+01
4.00000e-01 1.96107e+01 8.77674e+00 -1.08071e+01 -1.08340e+01
4.05000e-01 1.97638e+01 1.00468e+01 -9.70269e+00 -9.71708e+00
4.10000e-01 2.00628e+01 1.11627e+01 -8.90637e+00 -8.90004e+00
4.15000e-01 2.02780e+01 1.19958e+01 -8.26910e+00 -8.28219e+00
4.20000e-01 2.05168e+01 1.26887e+01 -7.83033e+00 -7.82804e+00
4.25000e-01 2.08640e+01 1.32035e+01 -7.67505e+00 -7.66044e+00
4.30000e-01 2.10447e+01 1.34600e+01 -7.56808e+00 -7.58472e+00
4.35000e-01 2.13833e+01 1.36139e+01 -7.78233e+00 -7.76934e+00
4.40000e-01 2.15195e+01 1.35251e+01 -8.00188e+00 -7.99437e+00
4.45000e-01 2.18703e+01 1.32888e+01 -8.55766e+00 -8.58151e+00
4.50000e-01 2.20264e+01 1.29267e+01 -9.07852e+00 -9.09967e+00
4.55000e-01 2.23311e+01 1.23440e+01 -1.00041e+01 -9.98704e+00
4.60000e-01 2.25275e+01 1.16165e+01 -1.08997e+01 -1.09110e+01
4.65000e-01 2.28350e+01 1.06638e+01 -1.21540e+01 -1.21713e+01
4.70000e-01 2.30621e+01 9.63999e+00 -1.34291e+01 -1.34221e+01
4.75000e-01 2.33748e+01 8.38826e+00 -1.49760e+01 -1.49865e+01
4.80000e-01 2.35553e+01 6.99269e+00 -1.65535e+01 -1.65627e+01
4.85000e-01 2.38555e+01 5.52346e+00 -1.83495e+01 -1.83320e+01
4.90000e-01 2.40396e+01 3.78428e+00 -2.02476e+01 -2.02553e+01
4.95000e-01 2.43306e+01 1.97013e+00 -2.23399e+01 -2.23604e+01
5.00000e-01 2.45168e+01 6.83403e-03 -2.45119e+01 -2.45099e+01
5.05000e-01 2.48135e+01 -2.09202e+00 -2.69109e+01 -2.69055e+01
5.10000e-01 2.50426e+01 -4.29958e+00 -2.93111e+01 -2.93422e+01
5.15000e-01 2.53625e+01 -6.64027e+00 -3.20084e+01 -3.20028e+01
5.20000e-01 2.55340e+01 -9.06217e+00 -3.46078e+01 -3.45962e+01
5.25000e-01 2.58608e+01 -1.16814e+01 -3.75291e+01 -3.75422e+01
5.30000e-01 2.60335e+01 -1.43415e+01 -4.03848e+01 -4.03750e+01
5.35000e-01 2.63357e+01 -1.71113e+01 -4.34459e+01 -4.34470e+01
5.40000e-01 2.65421e+01 -2.00340e+01 -4.65541e+01 -4.65761e+01
5.45000e-01 2.67921e+01 -2.29097e+01 -4.97088e+01 -4.97018e+01
5.50000e-01 2.70924e+01 -2.59398e+01 -5.30325e+01 -5.30322e+01
5.55000e-01 2.73341e+01 -2.89635e+01 -5.62768e+01 -5.62976e+01
5.60000e-01 2.76487e+01 -3.20091e+01 -5.96720e+01 -5.96578e+01
5.65000e-01 2.78179e+01 -3.51054e+01 -6.29257e+01 -6.29232e+01
5.70000e-01 2.81350e+01 -3.82154e+01 -6.63285e+01 -6.63504e+01
5.75000e-01 2.83331e+01 -4.13068e+01 -6.96458e+01 -6.96399e+01
5.80000e-01 2.86261e+01 -4.43551e+01 -7.29793e+01 -7.29813e+01
5.85000e-01 2.88458e+01 -4.74164e+01 -7.62552e+01 -7.62622e+01
5.90000e-01 2.91081e+01 -5.03760e+01 -7.94726e+01 -7.94842e+01
5.95000e-01 2.93896e+01 -5.32250e+01 -8.26271e+01 -8.26146e+01
6.00000e-01 2.96268e+01 -5.60432e+01 -8.56578e+01 -8.56700e+01
6.05000e-01 2.99103e+01 -5.87408e+01 -8.86459e+01 -8.86511e+01
6.10000e-01 3.00956e+01 -6.12954e+01 -9.14060e+01 -9.13910e+01
6.15000e-01 3.04029e+01 -6.38393e+01 -9.42268e+01 -9.42421e+01
6.20000e-01 3.06278e+01 -6.61671e+01 -9.67988e+01 -9.67949e+01
6.25000e-01 3.08890e+01 -6.83805e+01 -9.92766e+01 -9.92695e+01
6.30000e-01 3.11434e+01 -7.04680e+01 -1.01592e+02 -1.01611e+02
6.35000e-01 3.13518e+01 -7.23605e+01 -1.03701e+02 -1.03712e+02
6.40000e-01 3.16999e+01 -7.41234e+01 -1.05833e+02 -1.05823e+02
6.45000e-01 3.18543e+01 -7.56577e+01 -1.07504e+02 -1.07512e+02
6.50000e-01 3.22136e+01 -7.70566e+01 -1.09282e+02 -1.09270e+02
6.55000e-01 3.23589e+01 -7.82326e+01 -1.10609e+02 -1.10591e+02
6.60000e-01 3.27160e+01 -7.92529e+01 -1.11960e+02 -1.11969e+02
6.65000e-01 3.28805e+01 -8.00794e+01 -1.12941e+02 -1.12960e+02
6.70000e-01 3.31899e+01 -8.07052e+01 -1.13908e+02 -1.13895e+02
6.75000e-01 3.34049e+01 -8.11616e+01 -1.14555e+02 -1.14566e+02
6.80000e-01 3.36970e+01 -8.14260e+01 -1.15107e+02 -1.15123e+02
6.85000e-01 3.39422e+01 -8.14886e+01 -1.15445e+02 -1.15431e+02
6.90000e-01 3.42270e+01 -8.14389e+01 -1.15654e+02 -1.15666e+02
6.95000e-01 3.44378e+01 -8.12322e+01 -1.15667e+02 -1.15670e+02
7.00000e-01 3.47302e+01 -8.08365e+01 -1.15575e+02 -1.15567e+02
7.05000e-01 3.49734e+01 -8.03618e+01 -1.15319e+02 -1.15335e+02
7.10000e-01 3.52465e+01 -7.96018e+01 -1.14848e+02 -1.14848e+02
7.15000e-01 3.54752e+01 -7.87464e+01 -1.14227e+02 -1.14222e+02
7.20000e-01 3.57556e+01 -7.77468e+01 -1.13495e+02 -1.13502e+02
7.25000e-01 3.60075e+01 -7.65563e+01 -1.12562e+02 -1.12564e+02
7.30000e-01 3.62726e+01 -7.52526e+01 -1.11540e+02 -1.11525e+02
7.35000e-01 3.64803e+01 -7.37554e+01 -1.10223e+02 -1.10236e+02
7.40000e-01 3.67786e+01 -7.22004e+01 -1.08960e+02 -1.08979e+02
7.45000e-01 3.69764e+01 -7.03984e+01 -1.07385e+02 -1.07375e+02
7.50000e-01 3.73184e+01 -6.85637e+01 -1.05872e+02 -1.05882e+02
7.55000e-01 3.75012e+01 -6.65570e+01 -1.04054e+02 -1.04058e+02
7.60000e-01 3.77965e+01 -6.43773e+01 -1.02191e+02 -1.02174e+02
7.65000e-01 3.80101e+01 -6.21658e+01 -1.00165e+02 -1.00176e+02
7.70000e-01 3.83093e+01 -5.97685e+01 -9.80575e+01 -9.80778e+01
7.75000e-01 3.85423e+01 -5.72032e+01 -9.57567e+01 -9.57455e+01
7.80000e-01 3.87929e+01 -5.45835e+01 -9.33730e+01 -9.33763e+01
7.85000e-01 3.90288e+01 -5.18972e+01 -9.09189e+01 -9.09260e+01
7.90000e-01 3.93107e+01 -4.90457e+01 -8.83716e+01 -8.83564e+01
7.95000e-01 3.95694e+01 -4.62074e+01 -8.57762e+01 -8.57767e+01
8.00000e-01 3.98216e+01 -4.32304e+01 -8.30502e+01 -8.30520e+01
8.05000e-01 4.00895e+01 -4.02258e+01 -8.03313e+01 -8.03153e+01
8.10000e-01 4.03215e+01 -3.71711e+01 -7.74889e+01 -7.74926e+01
8.15000e-01 4.06376e+01 -3.41370e+01 -7.47580e+01 -7.47746e+01
8.20000e-01 4.08251e+01 -3.10337e+01 -7.18714e+01 -7.18587e+01
8.25000e-01 4.11162e+01 -2.79736e+01 -6.90790e+01 -6.90899e+01
8.30000e-01 4.13539e+01 -2.49374e+01 -6.62720e+01 -6.62913e+01
8.35000e-01 4.16490e+01 -2.18481e+01 -6.35119e+01 -6.34972e+01
8.40000e-01 4.19239e+01 -1.88964e+01 -6.08153e+01 -6.08204e+01
8.45000e-01 4.21692e+01 -1.59423e+01 -5.81016e+01 -5.81114e+01
8.50000e-01 4.24279e+01 -1.30748e+01 -5.55176e+01 -5.55027e+01
8.55000e-01 4.26821e+01 -1.03118e+01 -5.29858e+01 -5.29939e+01
8.60000e-01 4.29345e+01 -7.63268e+00 -5.05642e+01 -5.05672e+01
8.65000e-01 4.32161e+01 -5.06861e+00 -4.82921e+01 -4.82847e+01
8.70000e-01 4.34000e+01 -2.60793e+00 -4.60028e+01 -4.60079e+01
8.75000e-01 4.37437e+01 -3.40685e-01 -4.40775e+01 -4.40844e+01
8.80000e-01 4.39386e+01 1.85303e+00 -4.20897e+01 -4.20856e+01
8.85000e-01 4.42306e+01 3.81329e+00 -4.04048e+01 -4.04173e+01
8.90000e-01 4.44386e+01 5.65256e+00 -3.87693e+01 -3.87860e+01
8.95000e-01 4.47320e+01 7.31469e+00 -3.74238e+01 -3.74174e+01
9.00000e-01 4.50099e+01 8.80010e+00 -3.62061e+01 -3.62098e+01
9.05000e-01 4.52527e+01 1.00544e+01 -3.51874e+01 -3.51983e+01
9.10000e-01 4.54960e+01 1.11757e+01 -3.43266e+01 -3.43203e+01
9.15000e-01 4.57122e+01 1.20158e+01 -3.36959e+01 -3.36965e+01
9.20000e-01 4.60016e+01 1.26842e+01 -3.32979e+01 -3.33174e+01
9.25000e-01 4.62775e+01 1.31954e+01 -3.30973e+01 -3.30821e+01
9.30000e-01 4.65575e+01 1.34765e+01 -3.30781e+01 -3.30810e+01
9.35000e-01 4.67960e+01 1.35917e+01 -3.31834e+01 -3.32043e+01
9.40000e-01 4.70860e+01 1.35310e+01 -3.35619e+01 -3.35549e+01
9.45000e-01 4.73309e+01 1.32880e+01 -3.40340e+01 -3.40429e+01
9.50000e-01 4.75968e+01 1.29311e+01 -3.46444e+01 -3.46657e+01
9.55000e-01 4.78282e+01 1.23401e+01 -3.55048e+01 -3.54881e+01
9.60000e-01 4.81009e+01 1.16257e+01 -3.64633e+01 -3.64753e+01
9.65000e-01 4.83755e+01 1.06627e+01 -3.76901e+01 -3.77128e+01
9.70000e-01 4.86492e+01 9.63417e+00 -3.90206e+01 -3.90150e+01
9.75000e-01 4.89015e+01 8.38554e+00 -4.05037e+01 -4.05160e+01
9.80000e-01 4.91592e+01 6.98719e+00 -4.21611e+01 -4.21720e+01
9.85000e-01 4.94255e+01 5.51572e+00 -4.39282e+01 -4.39098e+01
9.90000e-01 4.97095e+01 3.77282e+00 -4.59257e+01 -4.59367e+01
9.95000e-01 4.99063e+01 1.97190e+00 -4.79159e+01 -4.79344e+01
1.00000e+00 5.01786e+01 2.03957e-02 -5.01765e+01 -5.01582e+01
1.00500e+00 5.04259e+01 -2.10612e+00 -5.25289e+01 -5.25320e+01
1.01000e+00 5.07054e+01 -4.30137e+00 -5.50008e+01 -5.50068e+01
1.01500e+00 5.09670e+01 -6.64414e+00 -5.76166e+01 -5.76112e+01
1.02000e+00 5.12161e+01 -9.09415e+00 -6.03025e+01 -6.03103e+01
1.02500e+00 5.14913e+01 -1.16799e+01 -6.31525e+01 -6.31712e+01
1.03000e+00 5.17327e+01 -1.43503e+01 -6.60897e+01 -6.60830e+01
1.03500e+00 5.19996e+01 -1.71163e+01 -6.91009e+01 -6.91160e+01
1.04000e+00 5.22407e+01 -2.00387e+01 -7.22759e+01 -7.22794e+01
1.04500e+00 5.24851e+01 -2.29029e+01 -7.53949e+01 -7.53880e+01
1.05000e+00 5.27820e+01 -2.59538e+01 -7.87299e+01 -7.87359e+01
1.05500e+00 5.30143e+01 -2.89766e+01 -8.19701e+01 -8.19909e+01
1.06000e+00 5.33223e+01 -3.20291e+01 -8.53583e+01 -8.53513e+01
1.06500e+00 5.35532e+01 -3.51189e+01 -8.86654e+01 -8.86721e+01
1.07000e+00 5.38499e+01 -3.82261e+01 -9.20697e+01 -9.20760e+01
1.07500e+00 5.41205e+01 -4.12864e+01 -9.54133e+01 -9.54069e+01
1.08000e+00 5.43748e+01 -4.43868e+01 -9.87541e+01 -9.87616e+01
1.08500e+00 5.45812e+01 -4.74041e+01 -1.01963e+02 -1.01985e+02
1.09000e+00 5.48577e+01 -5.03653e+01 -1.05243e+02 -1.05223e+02
1.09500e+00 5.51393e+01 -5.32658e+01 -1.08383e+02 -1.08405e+02
1.10000e+00 5.53956e+01 -5.60334e+01 -1.11420e+02 -1.11429e+02
1.10500e+00 5.56980e+01 -5.87449e+01 -1.14462e+02 -1.14443e+02
1.11000e+00 5.59109e+01 -6.13146e+01 -1.17214e+02 -1.17226e+02
1.11500e+00 5.62175e+01 -6.38284e+01 -1.20053e+02 -1.20046e+02
1.12000e+00 5.64474e+01 -6.61529e+01 -1.22607e+02 -1.22600e+02
1.12500e+00 5.66855e+01 -6.83923e+01 -1.25071e+02 -1.25078e+02
1.13000e+00 5.69613e+01 -7.04709e+01 -1.27420e+02 -1.27432e+02
1.13500e+00 5.71526e+01 -7.23455e+01 -1.29509e+02 -1.29498e+02
1.14000e+00 5.75339e+01 -7.41403e+01 -1.31642e+02 -1.31674e+02
1.14500e+00 5.76808e+01 -7.56829e+01 -1.33362e+02 -1.33364e+02
1.15000e+00 5.80572e+01 -7.70483e+01 -1.35106e+02 -1.35106e+02
1.15500e+00 5.82317e+01 -7.82573e+01 -1.36471e+02 -1.36489e+02
1.16000e+00 5.85369e+01 -7.92400e+01 -1.37778e+02 -1.37777e+02
1.16500e+00 5.87955e+01 -8.00628e+01 -1.38863e+02 -1.38858e+02
1.17000e+00 5.89522e+01 -8.06923e+01 -1.39631e+02 -1.39645e+02
1.17500e+00 5.93350e+01 -8.11603e+01 -1.40493e+02 -1.40495e+02
1.18000e+00 5.94698e+01 -8.14028e+01 -1.40890e+02 -1.40873e+02
1.18500e+00 5.98954e+01 -8.15106e+01 -1.41394e+02 -1.41406e+02
1.19000e+00 6.00360e+01 -8.14351e+01 -1.41452e+02 -1.41471e+02
1.19500e+00 6.03778e+01 -8.12016e+01 -1.41595e+02 -1.41579e+02
1.20000e+00 6.06109e+01 -8.08524e+01 -1.41451e+02 -1.41463e+02
1.20500e+00 6.08660e+01 -8.03473e+01 -1.41213e+02 -1.41213e+02
1.21000e+00 6.11538e+01 -7.95726e+01 -1.40738e+02 -1.40726e+02
1.21500e+00 6.13526e+01 -7.87637e+01 -1.40096e+02 -1.40116e+02
1.22000e+00 6.16963e+01 -7.77160e+01 -1.39425e+02 -1.39412e+02
1.22500e+00 6.19041e+01 -7.65401e+01 -1.38461e+02 -1.38444e+02
1.23000e+00 6.22435e+01 -7.52573e+01 -1.37489e+02 -1.37501e+02
1.23500e+00 6.24347e+01 -7.37587e+01 -1.36196e+02 -1.36193e+02
1.24000e+00 6.27326e+01 -7.21631e+01 -1.34898e+02 -1.34896e+02
1.24500e+00 6.29769e+01 -7.04209e+01 -1.33381e+02 -1.33398e+02
1.25000e+00 6.32522e+01 -6.85160e+01 -1.31782e+02 -1.31768e+02
1.25500e+00 6.34967e+01 -6.65399e+01 -1.30052e+02 -1.30037e+02
1.26000e+00 6.37367e+01 -6.43700e+01 -1.28098e+02 -1.28107e+02
1.26500e+00 6.40214e+01 -6.21605e+01 -1.26192e+02 -1.26182e+02
1.27000e+00 6.42689e+01 -5.97416e+01 -1.24017e+02 -1.24010e+02
1.27500e+00 6.45589e+01 -5.72217e+01 -1.21769e+02 -1.21781e+02
1.28000e+00 6.47986e+01 -5.45616e+01 -1.19374e+02 -1.19360e+02
1.28500e+00 6.50297e+01 -5.18647e+01 -1.16910e+02 -1.16894e+02
1.29000e+00 6.53567e+01 -4.90591e+01 -1.14392e+02 -1.14416e+02
1.29500e+00 6.55250e+01 -4.61788e+01 -1.11711e+02 -1.11704e+02
1.30000e+00 6.58905e+01 -4.32065e+01 -1.09100e+02 -1.09097e+02
1.30500e+00 6.60373e+01 -4.02385e+01 -1.06258e+02 -1.06276e+02
1.31000e+00 6.64226e+01 -3.71420e+01 -1.03580e+02 -1.03565e+02
1.31500e+00 6.66019e+01 -3.41217e+01 -1.00729e+02 -1.00724e+02
1.32000e+00 6.69149e+01 -3.10346e+01 -9.79395e+01 -9.79494e+01
1.32500e+00 6.71556e+01 -2.79485e+01 -9.51158e+01 -9.51041e+01
1.33000e+00 6.74063e+01 -2.48761e+01 -9.22810e+01 -9.22823e+01
1.33500e+00 6.76994e+01 -2.18568e+01 -8.95348e+01 -8.95562e+01
1.34000e+00 6.79373e+01 -1.88651e+01 -8.68156e+01 -8.68024e+01
1.34500e+00 6.81849e+01 -1.59112e+01 -8.40980e+01 -8.40961e+01
1.35000e+00 6.84778e+01 -1.30848e+01 -8.15584e+01 -8.15626e+01
1.35500e+00 6.86301e+01 -1.02882e+01 -7.89246e+01 -7.89183e+01
1.36000e+00 6.84841e+01 -7.61924e+00 -7.61005e+01 -7.61034e+01
1.36500e+00 6.82936e+01 -5.04144e+00 -7.33274e+01 -7.33351e+01
1.37000e+00 6.81165e+01 -2.60777e+00 -7.07249e+01 -7.07243e+01
1.37500e+00 6.79312e+01 -2.82335e-01 -6.82279e+01 -6.82136e+01
1.38000e+00 6.77407e+01 1.83281e+00 -6.59045e+01 -6.59079e+01
1.38500e+00 6.75173e+01 3.84875e+00 -6.36526e+01 -6.36685e+01
1.39000e+00 6.73242e+01 5.68149e+00 -6.16523e+01 -6.16427e+01
1.39500e+00 6.71307e+01 7.32906e+00 -5.98093e+01 -5.98016e+01
1.40000e+00 6.69500e+01 8.79520e+00 -5.81451e+01 -5.81548e+01
1.40500e+00 6.67231e+01 1.00599e+01 -5.66477e+01 -5.66632e+01
1.41000e+00 6.65133e+01 1.11818e+01 -5.53372e+01 -5.53315e+01
1.41500e+00 6.62976e+01 1.20322e+01 -5.42765e+01 -5.42654e+01
1.42000e+00 6.60817e+01 1.26994e+01 -5.33501e+01 -5.33822e+01
1.42500e+00 6.59042e+01 1.32099e+01 -5.26884e+01 -5.26943e+01
1.43000e+00 6.56616e+01 1.34866e+01 -5.21801e+01 -5.21750e+01
1.43500e+00 6.54742e+01 1.36049e+01 -5.18721e+01 -5.18693e+01
1.44000e+00 6.52826e+01 1.35143e+01 -5.17396e+01 -5.17683e+01
1.44500e+00 6.50627e+01 1.33031e+01 -5.17736e+01 -5.17596e+01
1.45000e+00 6.48615e+01 1.29648e+01 -5.19113e+01 -5.18967e+01
1.45500e+00 6.46092e+01 1.23307e+01 -5.22652e+01 -5.22785e+01
1.46000e+00 6.44312e+01 1.16293e+01 -5.27845e+01 -5.28020e+01
1.46500e+00 6.42248e+01 1.06971e+01 -5.35345e+01 -5.35276e+01
1.47000e+00 6.39970e+01 9.63007e+00 -5.43742e+01 -5.43669e+01
1.47500e+00 6.38026e+01 8.39145e+00 -5.53958e+01 -5.54112e+01
1.48000e+00 6.35525e+01 6.99657e+00 -5.65551e+01 -5.65560e+01
1.48500e+00 6.34218e+01 5.51429e+00 -5.79273e+01 -5.79075e+01
1.49000e+00 6.31314e+01 3.79111e+00 -5.93206e+01 -5.93403e+01
1.49500e+00 6.29679e+01 1.96576e+00 -6.09780e+01 -6.10021e+01
1.50000e+00 6.26752e+01 4.49296e-02 -6.26501e+01 -6.26303e+01
1.50500e+00 6.24776e+01 -2.09231e+00 -6.45690e+01 -6.45700e+01
1.51000e+00 6.22949e+01 -4.28870e+00 -6.65663e+01 -6.65836e+01
1.51500e+00 6.20137e+01 -6.66369e+00 -6.86803e+01 -6.86774e+01
1.52000e+00 6.18768e+01 -9.06917e+00 -7.09589e+01 -7.09460e+01
1.52500e+00 6.15910e+01 -1.16754e+01 -7.32498e+01 -7.32663e+01
1.53000e+00 6.14690e+01 -1.43721e+01 -7.58110e+01 -7.58410e+01
1.53500e+00 6.11531e+01 -1.71085e+01 -7.82700e+01 -7.82615e+01
1.54000e+00 6.09900e+01 -2.00057e+01 -8.10004e+01 -8.09956e+01
1.54500e+00 6.06965e+01 -2.29218e+01 -8.35904e+01 -8.36184e+01
1.55000e+00 6.05389e+01 -2.59520e+01 -8.64848e+01 -8.64909e+01
1.55500e+00 6.02810e+01 -2.89420e+01 -8.92311e+01 -8.92231e+01
1.56000e+00 6.00732e+01 -3.20467e+01 -9.21227e+01 -9.21198e+01
1.56500e+00 5.98828e+01 -3.51273e+01 -9.49919e+01 -9.50101e+01
1.57000e+00 5.96643e+01 -3.82172e+01 -9.78753e+01 -9.78815e+01
1.57500e+00 5.94748e+01 -4.12693e+01 -1.00756e+02 -1.00744e+02
1.58000e+00 5.91889e+01 -4.43972e+01 -1.03561e+02 -1.03586e+02
1.58500e+00 5.89744e+01 -4.73949e+01 -1.06357e+02 -1.06369e+02
1.59000e+00 5.87350e+01 -5.03553e+01 -1.09111e+02 -1.09090e+02
1.59500e+00 5.85489e+01 -5.32582e+01 -1.11805e+02 -1.11807e+02
1.60000e+00 5.83430e+01 -5.60271e+01 -1.14352e+02 -1.14370e+02
1.60500e+00 5.81202e+01 -5.87575e+01 -1.16885e+02 -1.16878e+02
1.61000e+00 5.79239e+01 -6.12958e+01 -1.19236e+02 -1.19220e+02
1.61500e+00 5.76938e+01 -6.38332e+01 -1.21515e+02 -1.21527e+02
1.62000e+00 5.74848e+01 -6.61652e+01 -1.23641e+02 -1.23650e+02
1.62500e+00 5.72367e+01 -6.83589e+01 -1.25603e+02 -1.25596e+02
1.63000e+00 5.69965e+01 -7.04517e+01 -1.27438e+02 -1.27448e+02
1.63500e+00 5.67706e+01 -7.23581e+01 -1.29109e+02 -1.29129e+02
1.64000e+00 5.65805e+01 -7.41244e+01 -1.30711e+02 -1.30705e+02
1.64500e+00 5.63202e+01 -7.56393e+01 -1.31964e+02 -1.31960e+02
1.65000e+00 5.61426e+01 -7.70499e+01 -1.33186e+02 -1.33192e+02
1.65500e+00 5.59032e+01 -7.82300e+01 -1.34115e+02 -1.34133e+02
1.66000e+00 5.56943e+01 -7.92157e+01 -1.34916e+02 -1.34910e+02
1.66500e+00 5.54555e+01 -8.00564e+01 -1.35519e+02 -1.35512e+02
1.67000e+00 5.51761e+01 -8.07007e+01 -1.35868e+02 -1.35877e+02
1.67500e+00 5.50023e+01 -8.11376e+01 -1.36150e+02 -1.36140e+02
1.68000e+00 5.47458e+01 -8.13890e+01 -1.36142e+02 -1.36135e+02
1.68500e+00 5.45775e+01 -8.14845e+01 -1.36040e+02 -1.36062e+02
1.69000e+00 5.43082e+01 -8.14197e+01 -1.35715e+02 -1.35728e+02
1.69500e+00 5.41077e+01 -8.11892e+01 -1.35313e+02 -1.35297e+02
1.70000e+00 5.38784e+01 -8.08394e+01 -1.34720e+02 -1.34718e+02
1.70500e+00 5.36703e+01 -8.03280e+01 -1.33966e+02 -1.33998e+02
1.71000e+00 5.34281e+01 -7.95597e+01 -1.32998e+02 -1.32988e+02
1.71500e+00 5.32013e+01 -7.87137e+01 -1.31920e+02 -1.31915e+02
1.72000e+00 5.29761e+01 -7.77251e+01 -1.30676e+02 -1.30701e+02
1.72500e+00 5.27698e+01 -7.65265e+01 -1.29286e+02 -1.29296e+02
1.73000e+00 5.25369e+01 -7.52347e+01 -1.27788e+02 -1.27772e+02
1.73500e+00 5.23289e+01 -7.37153e+01 -1.26032e+02 -1.26044e+02
1.74000e+00 5.21125e+01 -7.21697e+01 -1.24274e+02 -1.24282e+02
1.74500e+00 5.19147e+01 -7.03606e+01 -1.22285e+02 -1.22275e+02
1.75000e+00 5.16421e+01 -6.85047e+01 -1.20161e+02 -1.20147e+02
1.75500e+00 5.14446e+01 -6.65169e+01 -1.17959e+02 -1.17961e+02
1.76000e+00 5.11380e+01 -6.43496e+01 -1.15488e+02 -1.15488e+02
1.76500e+00 5.10017e+01 -6.21167e+01 -1.13132e+02 -1.13118e+02
1.77000e+00 5.07168e+01 -5.97252e+01 -1.10424e+02 -1.10442e+02
1.77500e+00 5.05544e+01 -5.71891e+01 -1.07717e+02 -1.07743e+02
1.78000e+00 5.02839e+01 -5.45309e+01 -1.04817e+02 -1.04815e+02
1.78500e+00 5.00696e+01 -5.18251e+01 -1.01890e+02 -1.01895e+02
1.79000e+00 4.98506e+01 -4.90286e+01 -9.88571e+01 -9.88792e+01
1.79500e+00 4.95834e+01 -4.61280e+01 -9.57127e+01 -9.57114e+01
1.80000e+00 4.93559e+01 -4.31608e+01 -9.25197e+01 -9.25168e+01
1.80500e+00 4.91370e+01 -4.01924e+01 -8.93274e+01 -8.93294e+01
1.81000e+00 4.88865e+01 -3.71338e+01 -8.60085e+01 -8.60204e+01
1.81500e+00 4.87248e+01 -3.40706e+01 -8.28136e+01 -8.27954e+01
1.82000e+00 4.84225e+01 -3.09907e+01 -7.93991e+01 -7.94132e+01
1.82500e+00 4.82969e+01 -2.79297e+01 -7.62183e+01 -7.62266e+01
1.83000e+00 4.79904e+01 -2.48266e+01 -7.28263e+01 -7.28170e+01
1.83500e+00 4.78023e+01 -2.18003e+01 -6.96175e+01 -6.96027e+01
1.84000e+00 4.75249e+01 -1.88444e+01 -6.63449e+01 -6.63693e+01
1.84500e+00 4.73171e+01 -1.58991e+01 -6.32149e+01 -6.32162e+01
1.85000e+00 4.71223e+01 -1.30265e+01 -6.01649e+01 -6.01488e+01
1.85500e+00 4.68961e+01 -1.02575e+01 -5.71473e+01 -5.71536e+01
1.86000e+00 4.66865e+01 -7.57988e+00 -5.42398e+01 -5.42664e+01
1.86500e+00 4.64208e+01 -5.00645e+00 -5.14294e+01 -5.14272e+01
1.87000e+00 4.62052e+01 -2.57658e+00 -4.87953e+01 -4.87818e+01
1.87500e+00 4.59771e+01 -2.77121e-01 -4.62281e+01 -4.62542e+01
1.88000e+00 4.57604e+01 1.86938e+00 -4.38915e+01 -4.38910e+01
1.88500e+00 4.55054e+01 3.91189e+00 -4.16087e+01 -4.15935e+01
1.89000e+00 4.52805e+01 5.69292e+00 -3.95869e+01 -3.95875e+01
1.89500e+00 4.50768e+01 7.33401e+00 -3.77281e+01 -3.77427e+01
1.90000e+00 4.48305e+01 8.84321e+00 -3.59936e+01 -3.59873e+01
1.90500e+00 4.46125e+01 1.00772e+01 -3.45267e+01 -3.45353e+01
1.91000e+00 4.43542e+01 1.12010e+01 -3.31279e+01 -3.31532e+01
1.91500e+00 4.41537e+01 1.20569e+01 -3.20954e+01 -3.20968e+01
1.92000e+00 4.38918e+01 1.27558e+01 -3.11431e+01 -3.11361e+01
1.92500e+00 4.36590e+01 1.32155e+01 -3.04381e+01 -3.04435e+01
1.93000e+00 4.34291e+01 1.34967e+01 -2.99335e+01 -2.99324e+01
1.93500e+00 4.31711e+01 1.36352e+01 -2.95465e+01 -2.95359e+01
1.94000e+00 4.30314e+01 1.35362e+01 -2.95033e+01 -2.94952e+01
1.94500e+00 4.27034e+01 1.33211e+01 -2.93682e+01 -2.93822e+01
1.95000e+00 4.25555e+01 1.29753e+01 -2.95804e+01 -2.95802e+01
1.95500e+00 4.22475e+01 1.23668e+01 -2.98664e+01 -2.98807e+01
1.96000e+00 4.20772e+01 1.16464e+01 -3.04254e+01 -3.04308e+01
1.96500e+00 4.18370e+01 1.07074e+01 -3.11247e+01 -3.11296e+01
1.97000e+00 4.15505e+01 9.67444e+00 -3.18863e+01 -3.18761e+01
1.97500e+00 4.13876e+01 8.38889e+00 -3.29764e+01 -3.29987e+01
1.98000e+00 4.11097e+01 7.02129e+00 -3.40829e+01 -3.40884e+01
1.98500e+00 4.09323e+01 5.51610e+00 -3.54358e+01 -3.54162e+01
1.99000e+00 4.07075e+01 3.80600e+00 -3.68881e+01 -3.69016e+01
1.99500e+00 4.04291e+01 1.99061e+00 -3.84282e+01 -3.84385e+01
2.00000e+00 4.02907e+01 3.29405e-02 -4.02623e+01 -4.02578e+01
2.00500e+00 3.99243e+01 -2.05975e+00 -4.19875e+01 -4.19840e+01
2.01000e+00 3.98070e+01 -4.30230e+00 -4.40876e+01 -4.41093e+01
2.01500e+00 3.94552e+01 -6.63290e+00 -4.60927e+01 -4.60881e+01
2.02000e+00 3.93061e+01 -9.07549e+00 -4.83860e+01 -4.83816e+01
2.02500e+00 3.90748e+01 -1.16644e+01 -5.07227e+01 -5.07392e+01
2.03000e+00 3.88388e+01 -1.43619e+01 -5.31938e+01 -5.32006e+01
2.03500e+00 3.86140e+01 -1.70917e+01 -5.57238e+01 -5.57057e+01
2.04000e+00 3.83154e+01 -2.00286e+01 -5.83401e+01 -5.83441e+01
2.04500e+00 3.81513e+01 -2.29087e+01 -6.10332e+01 -6.10600e+01
2.05000e+00 3.78702e+01 -2.59369e+01 -6.38104e+01 -6.38071e+01
2.05500e+00 3.76471e+01 -2.89352e+01 -6.65923e+01 -6.65823e+01
2.06000e+00 3.74152e+01 -3.20533e+01 -6.94473e+01 -6.94686e+01
2.06500e+00 3.71460e+01 -3.51100e+01 -7.22550e+01 -7.22560e+01
2.07000e+00 3.69774e+01 -3.82101e+01 -7.51995e+01 -7.51875e+01
2.07500e+00 3.67044e+01 -4.13257e+01 -7.80029e+01 -7.80301e+01
2.08000e+00 3.65057e+01 -4.43736e+01 -8.08711e+01 -8.08793e+01
2.08500e+00 3.62233e+01 -4.73882e+01 -8.36272e+01 -8.36115e+01
2.09000e+00 3.60420e+01 -5.03481e+01 -8.63765e+01 -8.63901e+01
2.09500e+00 3.57509e+01 -5.32507e+01 -8.89845e+01 -8.90016e+01
2.10000e+00 3.55467e+01 -5.60096e+01 -9.15605e+01 -9.15563e+01
2.10500e+00 3.52823e+01 -5.87492e+01 -9.40259e+01 -9.40315e+01
2.11000e+00 3.50900e+01 -6.13267e+01 -9.64089e+01 -9.64167e+01
2.11500e+00 3.48620e+01 -6.38200e+01 -9.86769e+01 -9.86821e+01
2.12000e+00 3.46241e+01 -6.61476e+01 -1.00784e+02 -1.00772e+02
2.12500e+00 3.43841e+01 -6.83805e+01 -1.02740e+02 -1.02765e+02
2.13000e+00 3.41465e+01 -7.04524e+01 -1.04591e+02 -1.04599e+02
2.13500e+00 3.39119e+01 -7.23102e+01 -1.06233e+02 -1.06222e+02
2.14000e+00 3.36691e+01 -7.41067e+01 -1.07776e+02 -1.07776e+02
2.14500e+00 3.34102e+01 -7.56571e+01 -1.09059e+02 -1.09067e+02
2.15000e+00 3.32066e+01 -7.70200e+01 -1.10232e+02 -1.10227e+02
2.15500e+00 3.29543e+01 -7.82433e+01 -1.11184e+02 -1.11198e+02
2.16000e+00 3.27756e+01 -7.92355e+01 -1.11995e+02 -1.12011e+02
2.16500e+00 3.24910e+01 -8.00425e+01 -1.12533e+02 -1.12534e+02
2.17000e+00 3.22746e+01 -8.06489e+01 -1.12934e+02 -1.12924e+02
2.17500e+00 3.20029e+01 -8.11307e+01 -1.13106e+02 -1.13134e+02
2.18000e+00 3.17814e+01 -8.13716e+01 -1.13151e+02 -1.13153e+02
2.18500e+00 3.15098e+01 -8.14605e+01 -1.12982e+02 -1.12970e+02
2.19000e+00 3.12935e+01 -8.14012e+01 -1.12682e+02 -1.12695e+02
2.19500e+00 3.10615e+01 -8.11964e+01 -1.12250e+02 -1.12258e+02
2.20000e+00 3.08601e+01 -8.08006e+01 -1.11669e+02 -1.11661e+02
2.20500e+00 3.06163e+01 -8.03114e+01 -1.10933e+02 -1.10928e+02
2.21000e+00 3.03756e+01 -7.95712e+01 -1.09920e+02 -1.09947e+02
2.21500e+00 3.01018e+01 -7.86943e+01 -1.08802e+02 -1.08796e+02
2.22000e+00 2.98861e+01 -7.77046e+01 -1.07597e+02 -1.07591e+02
2.22500e+00 2.96326e+01 -7.65024e+01 -1.06105e+02 -1.06135e+02
2.23000e+00 2.94117e+01 -7.52191e+01 -1.04636e+02 -1.04631e+02
2.23500e+00 2.91733e+01 -7.37002e+01 -1.02884e+02 -1.02873e+02
2.24000e+00 2.89656e+01 -7.21533e+01 -1.01103e+02 -1.01119e+02
2.24500e+00 2.87185e+01 -7.03827e+01 -9.90968e+01 -9.91012e+01
2.25000e+00 2.84815e+01 -6.84565e+01 -9.69488e+01 -9.69380e+01
2.25500e+00 2.82189e+01 -6.65372e+01 -9.47520e+01 -9.47561e+01
2.26000e+00 2.79808e+01 -6.43012e+01 -9.22672e+01 -9.22820e+01
2.26500e+00 2.77324e+01 -6.21133e+01 -8.98599e+01 -8.98457e+01
2.27000e+00 2.75275e+01 -5.96887e+01 -8.72018e+01 -8.72162e+01
2.27500e+00 2.72565e+01 -5.71808e+01 -8.44124e+01 -8.44373e+01
2.28000e+00 2.70865e+01 -5.45212e+01 -8.16052e+01 -8.16077e+01
2.28500e+00 2.67863e+01 -5.18044e+01 -7.85839e+01 -7.85907e+01
2.29000e+00 2.66148e+01 -4.90315e+01 -7.56228e+01 -7.56462e+01
2.29500e+00 2.62924e+01 -4.60963e+01 -7.23900e+01 -7.23887e+01
2.30000e+00 2.60822e+01 -4.31628e+01 -6.92462e+01 -6.92450e+01
2.30500e+00 2.58446e+01 -4.01583e+01 -6.59969e+01 -6.60029e+01
2.31000e+00 2.55881e+01 -3.71195e+01 -6.27091e+01 -6.27076e+01
2.31500e+00 2.54030e+01 -3.40330e+01 -5.94558e+01 -5.94360e+01
2.32000e+00 2.50870e+01 -3.09884e+01 -5.60678e+01 -5.60754e+01
2.32500e+00 2.49405e+01 -2.79083e+01 -5.28341e+01 -5.28488e+01
2.33000e+00 2.46342e+01 -2.48179e+01 -4.94708e+01 -4.94521e+01
2.33500e+00 2.44137e+01 -2.17997e+01 -4.61967e+01 -4.62134e+01
2.34000e+00 2.41651e+01 -1.88208e+01 -4.29764e+01 -4.29859e+01
2.34500e+00 2.39044e+01 -1.58635e+01 -3.97736e+01 -3.97680e+01
2.35000e+00 2.37156e+01 -1.30035e+01 -3.67164e+01 -3.67191e+01
2.35500e+00 2.34447e+01 -1.02677e+01 -3.37002e+01 -3.37124e+01
2.36000e+00 2.32188e+01 -7.54899e+00 -3.07802e+01 -3.07678e+01
2.36500e+00 2.29676e+01 -4.99494e+00 -2.79753e+01 -2.79626e+01
2.37000e+00 2.27329e+01 -2.58044e+00 -2.52896e+01 -2.53133e+01
2.37500e+00 2.25493e+01 -2.58664e-01 -2.28022e+01 -2.28080e+01
2.38000e+00 2.22129e+01 1.89337e+00 -2.03273e+01 -2.03195e+01
2.38500e+00 2.20557e+01 3.89651e+00 -1.81464e+01 -1.81592e+01
2.39000e+00 2.17161e+01 5.70419e+00 -1.60161e+01 -1.60119e+01
2.39500e+00 2.15955e+01 7.37943e+00 -1.42211e+01 -1.42161e+01
2.40000e+00 2.12370e+01 8.81047e+00 -1.24190e+01 -1.24265e+01
2.40500e+00 2.11162e+01 1.00870e+01 -1.10185e+01 -1.10292e+01
2.41000e+00 2.07951e+01 1.12273e+01 -9.57292e+00 -9.56777e+00
2.41500e+00 2.06299e+01 1.20673e+01 -8.57531e+00 -8.56255e+00
2.42000e+00 2.03296e+01 1.27458e+01 -7.55737e+00 -7.58380e+00
2.42500e+00 2.00699e+01 1.32469e+01 -6.84123e+00 -6.82301e+00
2.43000e+00 1.98411e+01 1.35138e+01 -6.33484e+00 -6.32727e+00
2.43500e+00 1.95777e+01 1.36098e+01 -5.94480e+00 -5.96789e+00
2.44000e+00 1.94006e+01 1.35486e+01 -5.85297e+00 -5.85206e+00
2.44500e+00 1.90987e+01 1.33400e+01 -5.75738e+00 -5.75866e+00
2.45000e+00 1.88925e+01 1.29613e+01 -5.90653e+00 -5.93121e+00
2.45500e+00 1.86397e+01 1.23664e+01 -6.26393e+00 -6.27331e+00
2.46000e+00 1.83908e+01 1.16764e+01 -6.73103e+00 -6.71435e+00
2.46500e+00 1.81775e+01 1.06961e+01 -7.46058e+00 -7.48139e+00
2.47000e+00 1.78616e+01 9.66074e+00 -8.20167e+00 -8.20083e+00
2.47500e+00 1.76854e+01 8.42553e+00 -9.27322e+00 -9.25985e+00
2.48000e+00 1.73890e+01 7.01449e+00 -1.03665e+01 -1.03745e+01
2.48500e+00 1.71939e+01 5.48408e+00 -1.16892e+01 -1.17098e+01
2.49000e+00 1.69430e+01 3.81737e+00 -1.31405e+01 -1.31256e+01
2.49500e+00 1.66921e+01 1.99367e+00 -1.47070e+01 -1.46985e+01
2.50000e+00 1.65268e+01 2.92988e-02 -1.64924e+01 -1.64975e+01
2.50500e+00 1.61927e+01 -2.06019e+00 -1.82641e+01 -1.82528e+01
2.51000e+00 1.60041e+01 -4.26149e+00 -2.02755e+01 -2.02656e+01
2.51500e+00 1.56749e+01 -6.65400e+00 -2.23019e+01 -2.23289e+01
2.52000e+00 1.55077e+01 -9.09594e+00 -2.46111e+01 -2.46036e+01
2.52500e+00 1.52504e+01 -1.16411e+01 -2.69038e+01 -2.68915e+01
2.53000e+00 1.50261e+01 -1.43807e+01 -2.93898e+01 -2.94067e+01
2.53500e+00 1.47772e+01 -1.71183e+01 -3.18830e+01 -3.18955e+01
2.54000e+00 1.45149e+01 -2.00038e+01 -3.45288e+01 -3.45187e+01
2.54500e+00 1.43245e+01 -2.29156e+01 -3.72428e+01 -3.72401e+01
2.55000e+00 1.40233e+01 -2.59339e+01 -3.99537e+01 -3.99572e+01
2.55500e+00 1.38057e+01 -2.89462e+01 -4.27591e+01 -4.27519e+01
2.56000e+00 1.35109e+01 -3.20266e+01 -4.55196e+01 -4.55375e+01
2.56500e+00 1.32864e+01 -3.51431e+01 -4.84238e+01 -4.84294e+01
2.57000e+00 1.30868e+01 -3.82169e+01 -5.13074e+01 -5.13037e+01
2.57500e+00 1.27686e+01 -4.13203e+01 -5.40767e+01 -5.40889e+01
2.58000e+00 1.26327e+01 -4.43951e+01 -5.70082e+01 -5.70279e+01
2.58500e+00 1.22766e+01 -4.73662e+01 -5.96554e+01 -5.96429e+01
2.59000e+00 1.21589e+01 -5.03534e+01 -6.25236e+01 -6.25124e+01
2.59500e+00 1.17781e+01 -5.32277e+01 -6.49783e+01 -6.50058e+01
2.60000e+00 1.15889e+01 -5.60274e+01 -6.76129e+01 -6.76163e+01
2.60500e+00 1.13045e+01 -5.87432e+01 -7.00415e+01 -7.00477e+01
2.61000e+00 1.11144e+01 -6.13350e+01 -7.24348e+01 -7.24494e+01
2.61500e+00 1.08822e+01 -6.38251e+01 -7.47017e+01 -7.47073e+01
2.62000e+00 1.06170e+01 -6.61445e+01 -7.67747e+01 -7.67615e+01
2.62500e+00 1.03836e+01 -6.83862e+01 -7.87455e+01 -7.87699e+01
2.63000e+00 1.01444e+01 -7.04437e+01 -8.05765e+01 -8.05882e+01
2.63500e+00 9.87132e+00 -7.23195e+01 -8.22038e+01 -8.21908e+01
2.64000e+00 9.65766e+00 -7.40896e+01 -8.37496e+01 -8.37472e+01
2.64500e+00 9.32244e+00 -7.56529e+01 -8.49779e+01 -8.49753e+01
2.65000e+00 9.18552e+00 -7.70115e+01 -8.62032e+01 -8.61970e+01
2.65500e+00 8.86118e+00 -7.82433e+01 -8.70930e+01 -8.71044e+01
2.66000e+00 8.73410e+00 -7.92340e+01 -8.79546e+01 -8.79681e+01
2.66500e+00 8.37779e+00 -8.00292e+01 -8.84170e+01 -8.84070e+01
2.67000e+00 8.21853e+00 -8.06575e+01 -8.88774e+01 -8.88760e+01
2.67500e+00 7.90372e+00 -8.11069e+01 -8.89851e+01 -8.90106e+01
2.68000e+00 7.68218e+00 -8.13720e+01 -8.90677e+01 -8.90542e+01
2.68500e+00 7.38139e+00 -8.14435e+01 -8.88105e+01 -8.88249e+01
2.69000e+00 7.16668e+00 -8.14013e+01 -8.85593e+01 -8.85679e+01
2.69500e+00 6.93987e+00 -8.11865e+01 -8.81404e+01 -8.81264e+01
2.70000e+00 6.70744e+00 -8.07964e+01 -8.75183e+01 -8.75038e+01
2.70500e+00 6.45608e+00 -8.03111e+01 -8.67408e+01 -8.67672e+01
2.71000e+00 6.19384e+00 -7.95544e+01 -8.57566e+01 -8.57482e+01
2.71500e+00 5.93751e+00 -7.86923e+01 -8.46377e+01 -8.46298e+01
2.72000e+00 5.71042e+00 -7.76911e+01 -8.33781e+01 -8.34015e+01
2.72500e+00 5.41935e+00 -7.64829e+01 -8.19111e+01 -8.19022e+01
2.73000e+00 5.22770e+00 -7.51902e+01 -8.04366e+01 -8.04179e+01
2.73500e+00 4.89866e+00 -7.37261e+01 -7.86116e+01 -7.86248e+01
2.74000e+00 4.76701e+00 -7.21415e+01 -7.68958e+01 -7.69085e+01
2.74500e+00 4.44457e+00 -7.03640e+01 -7.48187e+01 -7.48086e+01
2.75000e+00 4.26621e+00 -6.84778e+01 -7.27445e+01 -7.27440e+01
2.75500e+00 3.97154e+00 -6.64925e+01 -7.04478e+01 -7.04640e+01
2.76000e+00 3.74106e+00 -6.42910e+01 -6.80518e+01 -6.80320e+01
2.76500e+00 3.47867e+00 -6.20932e+01 -6.55535e+01 -6.55719e+01
2.77000e+00 3.19618e+00 -5.96970e+01 -6.28779e+01 -6.28932e+01
2.77500e+00 2.99820e+00 -5.71290e+01 -6.01409e+01 -6.01272e+01
2.78000e+00 2.73352e+00 -5.45201e+01 -5.72591e+01 -5.72536e+01
2.78500e+00 2.54101e+00 -5.18155e+01 -5.43414e+01 -5.43565e+01
2.79000e+00 2.24343e+00 -4.89702e+01 -5.12211e+01 -5.12136e+01
2.79500e+00 2.02253e+00 -4.61201e+01 -4.81517e+01 -4.81426e+01
2.80000e+00 1.73613e+00 -4.31480e+01 -4.48530e+01 -4.48841e+01
2.80500e+00 1.52411e+00 -4.01384e+01 -4.16752e+01 -4.16625e+01
2.81000e+00 1.23373e+00 -3.70715e+01 -3.82998e+01 -3.83052e+01
2.81500e+00 1.00145e+00 -3.40534e+01 -3.50464e+01 -3.50549e+01
2.82000e+00 7.26866e-01 -3.09490e+01 -3.16898e+01 -3.16759e+01
2.82500e+00 5.24529e-01 -2.78811e+01 -2.84148e+01 -2.84057e+01
2.83000e+00 2.84085e-01 -2.48211e+01 -2.50962e+01 -2.51051e+01
2.83500e+00 -6.73944e-04 -2.17839e+01 -2.17796e+01 -2.17832e+01
2.84000e+00 -2.24920e-01 -1.87800e+01 -1.85692e+01 -1.85550e+01
2.84500e+00 -5.17885e-01 -1.58775e+01 -1.53322e+01 -1.53596e+01
2.85000e+00 -7.43786e-01 -1.29950e+01 -1.22540e+01 -1.22512e+01
2.85500e+00 -9.86642e-01 -1.02306e+01 -9.25791e+00 -9.24392e+00
2.86000e+00 -1.26087e+00 -7.55687e+00 -6.28858e+00 -6.29601e+00
2.86500e+00 -1.45130e+00 -4.99012e+00 -3.53302e+00 -3.53882e+00
2.87000e+00 -1.72318e+00 -2.54391e+00 -8.32262e-01 -8.20734e-01
2.87500e+00 -1.94518e+00 -2.50731e-01 1.69989e+00 1.69445e+00
2.88000e+00 -2.22918e+00 1.89831e+00 4.13567e+00 4.12749e+00
2.88500e+00 -2.48662e+00 3.91152e+00 6.37917e+00 6.39814e+00
2.89000e+00 -2.72723e+00 5.72924e+00 8.45116e+00 8.45647e+00
2.89500e+00 -2.98316e+00 7.36099e+00 1.03532e+01 1.03442e+01
2.90000e+00 -3.22299e+00 8.87041e+00 1.20882e+01 1.20934e+01
2.90500e+00 -3.47000e+00 1.00904e+01 1.35730e+01 1.35604e+01
2.91000e+00 -3.70395e+00 1.12136e+01 1.49400e+01 1.49176e+01
2.91500e+00 -3.92935e+00 1.20798e+01 1.60089e+01 1.60092e+01
2.92000e+00 -4.22348e+00 1.27628e+01 1.69772e+01 1.69863e+01
2.92500e+00 -4.46166e+00 1.32363e+01 1.77144e+01 1.76980e+01
2.93000e+00 -4.74720e+00 1.35245e+01 1.82665e+01 1.82717e+01
2.93500e+00 -4.98061e+00 1.36420e+01 1.86124e+01 1.86226e+01
2.94000e+00 -5.20992e+00 1.35266e+01 1.87669e+01 1.87365e+01
2.94500e+00 -5.49667e+00 1.33424e+01 1.88219e+01 1.88391e+01
2.95000e+00 -5.69228e+00 1.29873e+01 1.86663e+01 1.86796e+01
2.95500e+00 -5.96738e+00 1.23576e+01 1.83313e+01 1.83250e+01
2.96000e+00 -6.18619e+00 1.16626e+01 1.78484e+01 1.78488e+01
2.96500e+00 -6.49683e+00 1.07165e+01 1.72060e+01 1.72134e+01
2.97000e+00 -6.74517e+00 9.63302e+00 1.64086e+01 1.63782e+01
2.97500e+00 -6.98930e+00 8.42634e+00 1.54175e+01 1.54156e+01
2.98000e+00 -7.23702e+00 7.01884e+00 1.42528e+01 1.42559e+01
2.98500e+00 -7.46044e+00 5.49594e+00 1.29606e+01 1.29564e+01
2.99000e+00 -7.75219e+00 3.79248e+00 1.15471e+01 1.15447e+01
2.99500e+00 -7.92538e+00 2.00542e+00 9.92263e+00 9.93080e+00
3.00000e+00 -8.20501e+00 1.98281e-02 8.23457e+00 8.22484e+00
3.00500e+00 -8.42060e+00 -2.07017e+00 6.36409e+00 6.35043e+00
3.01000e+00 -8.74060e+00 -4.26002e+00 4.47326e+00 4.48058e+00
3.01500e+00 -8.98033e+00 -6.65177e+00 2.33945e+00 2.32856e+00
3.02000e+00 -9.24430e+00 -9.09881e+00 1.47676e-01 1.45489e-01
3.02500e+00 -9.47187e+00 -1.16686e+01 -2.21599e+00 -2.19669e+00
3.03000e+00 -9.71092e+00 -1.43829e+01 -4.67261e+00 -4.67193e+00
3.03500e+00 -9.99446e+00 -1.71366e+01 -7.12910e+00 -7.14216e+00
3.04000e+00 -1.01648e+01 -1.99999e+01 -9.85440e+00 -9.83511e+00
3.04500e+00 -1.04694e+01 -2.29202e+01 -1.24552e+01 -1.24508e+01
3.05000e+00 -1.06840e+01 -2.59432e+01 -1.52424e+01 -1.52592e+01
3.05500e+00 -1.10114e+01 -2.89424e+01 -1.79395e+01 -1.79310e+01
3.06000e+00 -1.12577e+01 -3.20502e+01 -2.07842e+01 -2.07926e+01
3.06500e+00 -1.14839e+01 -3.51520e+01 -2.36600e+01 -2.36681e+01
3.07000e+00 -1.17486e+01 -3.82339e+01 -2.64915e+01 -2.64853e+01
3.07500e+00 -1.19623e+01 -4.13152e+01 -2.93597e+01 -2.93529e+01
3.08000e+00 -1.22337e+01 -4.43986e+01 -3.21552e+01 -3.21649e+01
3.08500e+00 -1.24565e+01 -4.73948e+01 -3.49416e+01 -3.49383e+01
3.09000e+00 -1.27352e+01 -5.03587e+01 -3.76124e+01 -3.76235e+01
3.09500e+00 -1.29979e+01 -5.32427e+01 -4.02140e+01 -4.02448e+01
3.10000e+00 -1.32779e+01 -5.60181e+01 -4.27460e+01 -4.27402e+01
3.10500e+00 -1.35201e+01 -5.87475e+01 -4.52219e+01 -4.52274e+01
3.11000e+00 -1.37514e+01 -6.13477e+01 -4.75876e+01 -4.75963e+01
3.11500e+00 -1.40038e+01 -6.38323e+01 -4.98279e+01 -4.98285e+01
3.12000e+00 -1.42361e+01 -6.61607e+01 -5.19379e+01 -5.19246e+01
3.12500e+00 -1.45161e+01 -6.83962e+01 -5.38675e+01 -5.38801e+01
3.13000e+00 -1.46828e+01 -7.04361e+01 -5.57490e+01 -5.57533e+01
3.13500e+00 -1.50514e+01 -7.23455e+01 -5.73044e+01 -5.72942e+01
3.14000e+00 -1.52160e+01 -7.40840e+01 -5.88476e+01 -5.88680e+01
3.14500e+00 -1.55832e+01 -7.56549e+01 -6.00801e+01 -6.00717e+01
3.15000e+00 -1.57139e+01 -7.70241e+01 -6.13198e+01 -6.13101e+01
3.15500e+00 -1.60253e+01 -7.82498e+01 -6.22196e+01 -6.22246e+01
3.16000e+00 -1.62391e+01 -7.92313e+01 -6.29815e+01 -6.29922e+01
3.16500e+00 -1.64965e+01 -8.00442e+01 -6.35607e+01 -6.35477e+01
3.17000e+00 -1.67653e+01 -8.06862e+01 -6.39055e+01 -6.39210e+01
3.17500e+00 -1.69499e+01 -8.11001e+01 -6.41379e+01 -6.41502e+01
3.18000e+00 -1.72891e+01 -8.13606e+01 -6.40825e+01 -6.40716e+01
3.18500e+00 -1.75116e+01 -8.14541e+01 -6.39229e+01 -6.39424e+01
3.19000e+00 -1.78064e+01 -8.13703e+01 -6.35617e+01 -6.35639e+01
3.19500e+00 -1.80278e+01 -8.11936e+01 -6.31727e+01 -6.31658e+01
3.20000e+00 -1.82715e+01 -8.08095e+01 -6.25155e+01 -6.25380e+01
3.20500e+00 -1.85543e+01 -8.02993e+01 -6.17456e+01 -6.17450e+01
3.21000e+00 -1.87488e+01 -7.95426e+01 -6.08018e+01 -6.07937e+01
3.21500e+00 -1.90544e+01 -7.86943e+01 -5.96274e+01 -5.96399e+01
3.22000e+00 -1.92267e+01 -7.76842e+01 -5.84504e+01 -5.84575e+01
3.22500e+00 -1.95761e+01 -7.64563e+01 -5.68850e+01 -5.68802e+01
3.23000e+00 -1.97762e+01 -7.52003e+01 -5.54063e+01 -5.54240e+01
3.23500e+00 -2.00988e+01 -7.36928e+01 -5.35826e+01 -5.35940e+01
3.24000e+00 -2.02824e+01 -7.21105e+01 -5.18457e+01 -5.18281e+01
3.24500e+00 -2.05564e+01 -7.03767e+01 -4.98174e+01 -4.98203e+01
3.25000e+00 -2.07860e+01 -6.84747e+01 -4.76808e+01 -4.76887e+01
3.25500e+00 -2.10251e+01 -6.64672e+01 -4.54593e+01 -4.54421e+01
3.26000e+00 -2.13017e+01 -6.42944e+01 -4.29795e+01 -4.29927e+01
3.26500e+00 -2.15093e+01 -6.20790e+01 -4.05610e+01 -4.05697e+01
3.27000e+00 -2.18697e+01 -5.96455e+01 -3.77947e+01 -3.77758e+01
3.27500e+00 -2.20365e+01 -5.71231e+01 -3.50860e+01 -3.50866e+01
3.28000e+00 -2.23422e+01 -5.45088e+01 -3.21583e+01 -3.21666e+01
3.28500e+00 -2.25440e+01 -5.17736e+01 -2.92470e+01 -2.92296e+01
3.29000e+00 -2.28150e+01 -4.89760e+01 -2.61619e+01 -2.61610e+01
3.29500e+00 -2.30646e+01 -4.61194e+01 -2.30307e+01 -2.30548e+01
3.30000e+00 -2.32970e+01 -4.31163e+01 -1.98281e+01 -1.98193e+01
3.30500e+00 -2.35736e+01 -4.01236e+01 -1.65451e+01 -1.65500e+01
3.31000e+00 -2.38072e+01 -3.70834e+01 -1.32591e+01 -1.32762e+01
3.31500e+00 -2.41144e+01 -3.39948e+01 -9.89940e+00 -9.88038e+00
3.32000e+00 -2.43517e+01 -3.09491e+01 -6.58858e+00 -6.59733e+00
3.32500e+00 -2.45657e+01 -2.78757e+01 -3.30307e+00 -3.31002e+00
3.33000e+00 -2.48374e+01 -2.48122e+01 1.73807e-02 2.52079e-02
3.33500e+00 -2.50811e+01 -2.17492e+01 3.32608e+00 3.33184e+00
3.34000e+00 -2.53474e+01 -1.88119e+01 6.55226e+00 6.53549e+00
3.34500e+00 -2.55816e+01 -1.58382e+01 9.74560e+00 9.74343e+00
3.35000e+00 -2.58629e+01 -1.29773e+01 1.28869e+01 1.28855e+01
3.35500e+00 -2.60882e+01 -1.02345e+01 1.58709e+01 1.58537e+01
3.36000e+00 -2.64003e+01 -7.51645e+00 1.88714e+01 1.88839e+01
3.36500e+00 -2.65769e+01 -4.96984e+00 2.15960e+01 2.16071e+01
3.37000e+00 -2.68798e+01 -2.55062e+00 2.43487e+01 2.43292e+01
3.37500e+00 -2.70692e+01 -2.52682e-01 2.68245e+01 2.68165e+01
3.38000e+00 -2.73821e+01 1.91871e+00 2.92924e+01 2.93008e+01
3.38500e+00 -2.76025e+01 3.89950e+00 3.15085e+01 3.15020e+01
3.39000e+00 -2.78670e+01 5.74061e+00 3.36060e+01 3.36076e+01
3.39500e+00 -2.81284e+01 7.40372e+00 3.55222e+01 3.55322e+01
3.40000e+00 -2.83982e+01 8.85127e+00 3.72752e+01 3.72494e+01
3.40500e+00 -2.86436e+01 1.01169e+01 3.87626e+01 3.87605e+01
3.41000e+00 -2.88881e+01 1.12455e+01 4.01255e+01 4.01337e+01
3.41500e+00 -2.91114e+01 1.20583e+01 4.11816e+01 4.11697e+01
3.42000e+00 -2.93884e+01 1.27763e+01 4.21667e+01 4.21647e+01
3.42500e+00 -2.96375e+01 1.32565e+01 4.28776e+01 4.28940e+01
3.43000e+00 -2.98926e+01 1.35174e+01 4.34202e+01 4.34100e+01
3.43500e+00 -3.01745e+01 1.36418e+01 4.38209e+01 4.38164e+01
3.44000e+00 -3.03836e+01 1.35614e+01 4.39375e+01 4.39450e+01
3.44500e+00 -3.06916e+01 1.33330e+01 4.40290e+01 4.40246e+01
3.45000e+00 -3.08797e+01 1.29727e+01 4.38601e+01 4.38525e+01
3.45500e+00 -3.11556e+01 1.23818e+01 4.35194e+01 4.35374e+01
3.46000e+00 -3.14020e+01 1.16566e+01 4.30702e+01 4.30586e+01
3.46500e+00 -3.16541e+01 1.07003e+01 4.23638e+01 4.23544e+01
3.47000e+00 -3.19474e+01 9.67209e+00 4.16127e+01 4.16195e+01
3.47500e+00 -3.21613e+01 8.40656e+00 4.05864e+01 4.05679e+01
3.48000e+00 -3.24641e+01 7.01541e+00 3.94946e+01 3.94795e+01
3.48500e+00 -3.27087e+01 5.51229e+00 3.82024e+01 3.82210e+01
3.49000e+00 -3.29450e+01 3.77734e+00 3.67421e+01 3.67224e+01
3.49500e+00 -3.31942e+01 1.98689e+00 3.51898e+01 3.51811e+01
3.50000e+00 -3.33996e+01 2.80337e-02 3.34094e+01 3.34277e+01
3.50500e+00 -3.36948e+01 -2.07762e+00 3.16149e+01 3.16172e+01
3.51000e+00 -3.39449e+01 -4.28401e+00 2.96787e+01 2.96609e+01
3.51500e+00 -3.42115e+01 -6.65035e+00 2.75546e+01 2.75611e+01
3.52000e+00 -3.44938e+01 -9.10819e+00 2.53869e+01 2.53856e+01
3.52500e+00 -3.46902e+01 -1.17021e+01 2.29954e+01 2.29881e+01
3.53000e+00 -3.49841e+01 -1.43645e+01 2.06139e+01 2.06196e+01
3.53500e+00 -3.51828e+01 -1.71282e+01 1.80553e+01 1.80547e+01
3.54000e+00 -3.54452e+01 -2.00416e+01 1.54241e+01 1.54037e+01
3.54500e+00 -3.57032e+01 -2.28996e+01 1.27992e+01 1.28036e+01
3.55000e+00 -3.59556e+01 -2.59646e+01 9.98094e+00 9.99092e+00
3.55500e+00 -3.62583e+01 -2.89599e+01 7.31099e+00 7.29840e+00
3.56000e+00 -3.64643e+01 -3.20466e+01 4.42002e+00 4.41776e+00
3.56500e+00 -3.67301e+01 -3.51218e+01 1.59705e+00 1.60827e+00
3.57000e+00 -3.69920e+01 -3.82589e+01 -1.24903e+00 -1.26688e+00
3.57500e+00 -3.72245e+01 -4.13183e+01 -4.08952e+00 -4.09376e+00
3.58000e+00 -3.75046e+01 -4.43858e+01 -6.89034e+00 -6.88119e+00
3.58500e+00 -3.77045e+01 -4.74376e+01 -9.71371e+00 -9.73319e+00
3.59000e+00 -3.79839e+01 -5.03484e+01 -1.23698e+01 -1.23645e+01
3.59500e+00 -3.82524e+01 -5.32393e+01 -1.49863e+01 -1.49869e+01
3.60000e+00 -3.84987e+01 -5.60284e+01 -1.75096e+01 -1.75297e+01
3.60500e+00 -3.87763e+01 -5.87575e+01 -1.99968e+01 -1.99812e+01
3.61000e+00 -3.89845e+01 -6.13118e+01 -2.23416e+01 -2.23274e+01
3.61500e+00 -3.92933e+01 -6.38489e+01 -2.45321e+01 -2.45556e+01
3.62000e+00 -3.95044e+01 -6.61766e+01 -2.66683e+01 -2.66722e+01
3.62500e+00 -3.97406e+01 -6.83533e+01 -2.86278e+01 -2.86128e+01
3.63000e+00 -3.99889e+01 -7.04768e+01 -3.04811e+01 -3.04879e+01
3.63500e+00 -4.02288e+01 -7.23226e+01 -3.20859e+01 -3.20938e+01
3.64000e+00 -4.05250e+01 -7.40811e+01 -3.35603e+01 -3.35561e+01
3.64500e+00 -4.07497e+01 -7.56445e+01 -3.48864e+01 -3.48948e+01
3.65000e+00 -4.10103e+01 -7.70398e+01 -3.60267e+01 -3.60295e+01
3.65500e+00 -4.12677e+01 -7.82148e+01 -3.69646e+01 -3.69470e+01
3.66000e+00 -4.15457e+01 -7.92440e+01 -3.76745e+01 -3.76983e+01
3.66500e+00 -4.17620e+01 -8.00676e+01 -3.82995e+01 -3.83055e+01
3.67000e+00 -4.19991e+01 -8.06598e+01 -3.86763e+01 -3.86607e+01
3.67500e+00 -4.22228e+01 -8.10974e+01 -3.88781e+01 -3.88746e+01
3.68000e+00 -4.25185e+01 -8.13668e+01 -3.88311e+01 -3.88483e+01
3.68500e+00 -4.27636e+01 -8.14258e+01 -3.86787e+01 -3.86622e+01
3.69000e+00 -4.30501e+01 -8.13788e+01 -3.83142e+01 -3.83286e+01
3.69500e+00 -4.32611e+01 -8.11875e+01 -3.79032e+01 -3.79264e+01
3.70000e+00 -4.35582e+01 -8.07961e+01 -3.72499e+01 -3.72378e+01
3.70500e+00 -4.37608e+01 -8.02797e+01 -3.65256e+01 -3.65189e+01
3.71000e+00 -4.40341e+01 -7.95659e+01 -3.55095e+01 -3.55318e+01
3.71500e+00 -4.42174e+01 -7.86691e+01 -3.44543e+01 -3.44516e+01
3.72000e+00 -4.45369e+01 -7.76829e+01 -3.31409e+01 -3.31460e+01
3.72500e+00 -4.47384e+01 -7.64668e+01 -3.16970e+01 -3.17283e+01
3.73000e+00 -4.50803e+01 -7.51747e+01 -3.01135e+01 -3.00944e+01
3.73500e+00 -4.52462e+01 -7.36716e+01 -2.84257e+01 -2.84255e+01
3.74000e+00 -4.55764e+01 -7.21183e+01 -2.65287e+01 -2.65419e+01
3.74500e+00 -4.57583e+01 -7.03574e+01 -2.46136e+01 -2.45991e+01
3.75000e+00 -4.60551e+01 -6.84516e+01 -2.24056e+01 -2.23964e+01
3.75500e+00 -4.62164e+01 -6.64912e+01 -2.02682e+01 -2.02747e+01
3.76000e+00 -4.65121e+01 -6.42627e+01 -1.77597e+01 -1.77506e+01
3.76500e+00 -4.67351e+01 -6.20551e+01 -1.53334e+01 -1.53200e+01
3.77000e+00 -4.70632e+01 -5.96543e+01 -1.25813e+01 -1.25912e+01
3.77500e+00 -4.72568e+01 -5.71150e+01 -9.86386e+00 -9.85819e+00
3.78000e+00 -4.75454e+01 -5.44829e+01 -6.95262e+00 -6.93753e+00
3.78500e+00 -4.77577e+01 -5.17831e+01 -4.02200e+00 -4.02543e+00
3.79000e+00 -4.80227e+01 -4.89692e+01 -9.37397e-01 -9.46537e-01
3.79500e+00 -4.82692e+01 -4.60802e+01 2.17873e+00 2.18898e+00
3.80000e+00 -4.84938e+01 -4.31236e+01 5.37471e+00 5.37019e+00
3.80500e+00 -4.87608e+01 -4.01219e+01 8.64293e+00 8.63883e+00
3.81000e+00 -4.89995e+01 -3.70469e+01 1.19383e+01 1.19526e+01
3.81500e+00 -4.92779e+01 -3.40117e+01 1.52709e+01 1.52662e+01
3.82000e+00 -4.95339e+01 -3.09316e+01 1.86106e+01 1.86023e+01
3.82500e+00 -4.97303e+01 -2.78471e+01 2.18631e+01 2.18832e+01
3.83000e+00 -5.00433e+01 -2.48129e+01 2.52428e+01 2.52304e+01
3.83500e+00 -5.02233e+01 -2.17737e+01 2.84611e+01 2.84496e+01
3.84000e+00 -5.05409e+01 -1.87706e+01 3.17571e+01 3.17703e+01
3.84500e+00 -5.06914e+01 -1.58382e+01 3.48397e+01 3.48532e+01
3.85000e+00 -5.10247e+01 -1.29759e+01 3.80692e+01 3.80488e+01
3.85500e+00 -5.11236e+01 -1.02076e+01 4.09248e+01 4.09160e+01
3.86000e+00 -5.09915e+01 -7.52846e+00 4.34903e+01 4.34631e+01
3.86500e+00 -5.08085e+01 -4.96923e+00 4.58544e+01 4.58393e+01
3.87000e+00 -5.06175e+01 -2.52776e+00 4.80748e+01 4.80897e+01
3.87500e+00 -5.04480e+01 -2.25618e-01 5.02173e+01 5.02224e+01
3.88000e+00 -5.02216e+01 1.89757e+00 5.21369e+01 5.21192e+01
3.88500e+00 -5.00742e+01 3.91846e+00 5.39977e+01 5.39927e+01
3.89000e+00 -4.98113e+01 5.74166e+00 5.55486e+01 5.55530e+01
3.89500e+00 -4.96843e+01 7.40883e+00 5.70900e+01 5.70931e+01
3.90000e+00 -4.94623e+01 8.85625e+00 5.83335e+01 5.83185e+01
3.90500e+00 -4.92683e+01 1.01147e+01 5.93919e+01 5.93831e+01
3.91000e+00 -4.90906e+01 1.12144e+01 6.02972e+01 6.03050e+01
3.91500e+00 -4.88334e+01 1.20930e+01 6.09291e+01 6.09265e+01
3.92000e+00 -4.87036e+01 1.27383e+01 6.14536e+01 6.14419e+01
3.92500e+00 -4.84031e+01 1.32468e+01 6.16598e+01 6.16499e+01
3.93000e+00 -4.83065e+01 1.35263e+01 6.18247e+01 6.18327e+01
3.93500e+00 -4.80066e+01 1.36387e+01 6.16497e+01 6.16452e+01
3.94000e+00 -4.78928e+01 1.35351e+01 6.14463e+01 6.14279e+01
3.94500e+00 -4.76423e+01 1.33185e+01 6.09662e+01 6.09608e+01
3.95000e+00 -4.74706e+01 1.29841e+01 6.04413e+01 6.04548e+01
3.95500e+00 -4.72353e+01 1.23547e+01 5.95977e+01 5.95900e+01
3.96000e+00 -4.70314e+01 1.16201e+01 5.86565e+01 5.86515e+01
3.96500e+00 -4.68177e+01 1.07111e+01 5.75260e+01 5.75289e+01
3.97000e+00 -4.66383e+01 9.62504e+00 5.62563e+01 5.62633e+01
3.97500e+00 -4.63726e+01 8.40259e+00 5.47858e+01 5.47751e+01
3.98000e+00 -4.62376e+01 6.96734e+00 5.32105e+01 5.32049e+01
3.98500e+00 -4.59796e+01 5.50680e+00 5.14852e+01 5.14864e+01
3.99000e+00 -4.58203e+01 3.77153e+00 4.95809e+01 4.95919e+01
3.99500e+00 -4.55425e+01 1.95674e+00 4.75187e+01 4.74992e+01
4.00000e+00 -4.53709e+01 -1.38691e-02 4.53715e+01 4.53570e+01
4.00500e+00 -4.51277e+01 -2.09818e+00 4.30227e+01 4.30296e+01
4.01000e+00 -4.49580e+01 -4.30310e+00 4.06515e+01 4.06549e+01
4.01500e+00 -4.47248e+01 -6.69161e+00 3.80650e+01 3.80332e+01
4.02000e+00 -4.45419e+01 -9.14233e+00 3.54043e+01 3.53995e+01
4.02500e+00 -4.42862e+01 -1.16830e+01 3.25877e+01 3.26032e+01
4.03000e+00 -4.41492e+01 -1.44106e+01 2.97345e+01 2.97386e+01
4.03500e+00 -4.38320e+01 -1.71691e+01 2.66847e+01 2.66628e+01
4.04000e+00 -4.37272e+01 -2.00703e+01 2.36658e+01 2.36569e+01
4.04500e+00 -4.33901e+01 -2.29584e+01 2.04249e+01 2.04317e+01
4.05000e+00 -4.33006e+01 -2.59975e+01 1.73097e+01 1.73030e+01
4.05500e+00 -4.29963e+01 -2.90098e+01 1.39829e+01 1.39864e+01
4.06000e+00 -4.28313e+01 -3.20651e+01 1.07547e+01 1.07663e+01
4.06500e+00 -4.26009e+01 -3.51665e+01 7.43921e+00 7.43443e+00
4.07000e+00 -4.23957e+01 -3.82985e+01 4.12220e+00 4.09717e+00
4.07500e+00 -4.22269e+01 -4.13573e+01 8.70286e-01 8.69530e-01
4.08000e+00 -4.19390e+01 -4.44313e+01 -2.49603e+00 -2.49229e+00
4.08500e+00 -4.17813e+01 -4.74506e+01 -5.65853e+00 -5.66933e+00
4.09000e+00 -4.15176e+01 -5.04244e+01 -8.89033e+00 -8.90676e+00
4.09500e+00 -4.13446e+01 -5.32762e+01 -1.19287e+01 -1.19315e+01
4.10000e+00 -4.11076e+01 -5.60588e+01 -1.49483e+01 -1.49512e+01
4.10500e+00 -4.08957e+01 -5.88085e+01 -1.78912e+01 -1.79128e+01
4.11000e+00 -4.07081e+01 -6.13695e+01 -2.06405e+01 -2.06614e+01
4.11500e+00 -4.04685e+01 -6.38617e+01 -2.34020e+01 -2.33932e+01
4.12000e+00 -4.02892e+01 -6.62177e+01 -2.59270e+01 -2.59286e+01
4.12500e+00 -4.00015e+01 -6.84302e+01 -2.84041e+01 -2.84286e+01
4.13000e+00 -3.98412e+01 -7.05044e+01 -3.06554e+01 -3.06632e+01
4.13500e+00 -3.95691e+01 -7.23730e+01 -3.28034e+01 -3.28039e+01
4.14000e+00 -3.94020e+01 -7.41467e+01 -3.47273e+01 -3.47447e+01
4.14500e+00 -3.91375e+01 -7.56881e+01 -3.65521e+01 -3.65506e+01
4.15000e+00 -3.89600e+01 -7.70582e+01 -3.81089e+01 -3.80983e+01
4.15500e+00 -3.87543e+01 -7.82681e+01 -3.95173e+01 -3.95137e+01
4.16000e+00 -3.85394e+01 -7.92727e+01 -4.07185e+01 -4.07333e+01
4.16500e+00 -3.83256e+01 -8.01001e+01 -4.17792e+01 -4.17746e+01
4.17000e+00 -3.80377e+01 -8.07017e+01 -4.26696e+01 -4.26639e+01
4.17500e+00 -3.78636e+01 -8.11369e+01 -4.32574e+01 -4.32733e+01
4.18000e+00 -3.76244e+01 -8.14208e+01 -4.37779e+01 -4.37964e+01
4.18500e+00 -3.74415e+01 -8.14550e+01 -4.40265e+01 -4.40135e+01
4.19000e+00 -3.72206e+01 -8.14129e+01 -4.41956e+01 -4.41923e+01
4.19500e+00 -3.69811e+01 -8.12118e+01 -4.42086e+01 -4.42307e+01
4.20000e+00 -3.68228e+01 -8.08338e+01 -4.39997e+01 -4.40109e+01
4.20500e+00 -3.65338e+01 -8.03115e+01 -4.37872e+01 -4.37777e+01
4.21000e+00 -3.63765e+01 -7.95637e+01 -4.31875e+01 -4.31872e+01
4.21500e+00 -3.60868e+01 -7.87404e+01 -4.26493e+01 -4.26536e+01
4.22000e+00 -3.59349e+01 -7.76839e+01 -4.17619e+01 -4.17490e+01
4.22500e+00 -3.56782e+01 -7.64939e+01 -4.08282e+01 -4.08157e+01
4.23000e+00 -3.54665e+01 -7.52224e+01 -3.97465e+01 -3.97558e+01
4.23500e+00 -3.52600e+01 -7.36947e+01 -3.84180e+01 -3.84347e+01
4.24000e+00 -3.50161e+01 -7.21264e+01 -3.71267e+01 -3.71103e+01
4.24500e+00 -3.48687e+01 -7.03712e+01 -3.55108e+01 -3.55025e+01
4.25000e+00 -3.45886e+01 -6.85044e+01 -3.38899e+01 -3.39158e+01
4.25500e+00 -3.43829e+01 -6.64731e+01 -3.20873e+01 -3.20902e+01
4.26000e+00 -3.41148e+01 -6.43160e+01 -3.02077e+01 -3.02012e+01
4.26500e+00 -3.39322e+01 -6.20799e+01 -2.81384e+01 -2.81477e+01
4.27000e+00 -3.37002e+01 -5.96831e+01 -2.59677e+01 -2.59829e+01
4.27500e+00 -3.34795e+01 -5.71125e+01 -2.36418e+01 -2.36330e+01
4.28000e+00 -3.32450e+01 -5.45143e+01 -2.12631e+01 -2.12693e+01
4.28500e+00 -3.30540e+01 -5.18001e+01 -1.87383e+01 -1.87461e+01
4.29000e+00 -3.28212e+01 -4.89697e+01 -1.61603e+01 -1.61485e+01
4.29500e+00 -3.25998e+01 -4.61197e+01 -1.35223e+01 -1.35199e+01
4.30000e+00 -3.23623e+01 -4.31472e+01 -1.07542e+01 -1.07849e+01
4.30500e+00 -3.21396e+01 -4.01592e+01 -8.01324e+00 -8.01960e+00
4.31000e+00 -3.19222e+01 -3.70713e+01 -5.16676e+00 -5.14904e+00
4.31500e+00 -3.17047e+01 -3.40368e+01 -2.32111e+00 -2.33207e+00
4.32000e+00 -3.14655e+01 -3.09577e+01 5.14397e-01 5.07811e-01
4.32500e+00 -3.12548e+01 -2.78672e+01 3.38073e+00 3.38757e+00
4.33000e+00 -3.10478e+01 -2.48301e+01 6.20844e+00 6.21774e+00
4.33500e+00 -3.08545e+01 -2.17883e+01 9.07840e+00 9.06619e+00
4.34000e+00 -3.05769e+01 -1.88186e+01 1.17566e+01 1.17583e+01
4.34500e+00 -3.03716e+01 -1.58451e+01 1.45191e+01 1.45265e+01
4.35000e+00 -3.01331e+01 -1.30164e+01 1.71297e+01 1.71167e+01
4.35500e+00 -2.99466e+01 -1.02356e+01 1.97307e+01 1.97111e+01
4.36000e+00 -2.97096e+01 -7.55467e+00 2.21540e+01 2.21549e+01
4.36500e+00 -2.94739e+01 -4.97290e+00 2.45022e+01 2.45010e+01
4.37000e+00 -2.92877e+01 -2.56302e+00 2.67341e+01 2.67247e+01
4.37500e+00 -2.90386e+01 -2.58653e-01 2.87805e+01 2.87800e+01
4.38000e+00 -2.88224e+01 1.88973e+00 3.07061e+01 3.07122e+01
4.38500e+00 -2.86097e+01 3.88053e+00 3.25022e+01 3.24902e+01
4.39000e+00 -2.83289e+01 5.69868e+00 3.40293e+01 3.40276e+01
4.39500e+00 -2.81741e+01 7.35649e+00 3.55207e+01 3.55306e+01
4.40000e+00 -2.78660e+01 8.84404e+00 3.67085e+01 3.67100e+01
4.40500e+00 -2.77236e+01 1.00816e+01 3.78184e+01 3.78052e+01
4.41000e+00 -2.74200e+01 1.12000e+01 3.86117e+01 3.86200e+01
4.41500e+00 -2.72740e+01 1.20518e+01 3.93185e+01 3.93258e+01
4.42000e+00 -2.70045e+01 1.27216e+01 3.97391e+01 3.97261e+01
4.42500e+00 -2.67788e+01 1.31958e+01 3.99855e+01 3.99746e+01
4.43000e+00 -2.65405e+01 1.34970e+01 4.00317e+01 4.00375e+01
4.43500e+00 -2.63038e+01 1.36023e+01 3.99089e+01 3.99061e+01
4.44000e+00 -2.61231e+01 1.35046e+01 3.96589e+01 3.96277e+01
4.44500e+00 -2.58667e+01 1.32859e+01 3.91570e+01 3.91526e+01
4.45000e+00 -2.56609e+01 1.29648e+01 3.86203e+01 3.86257e+01
4.45500e+00 -2.54073e+01 1.23150e+01 3.77313e+01 3.77222e+01
4.46000e+00 -2.52159e+01 1.16023e+01 3.68330e+01 3.68182e+01
4.46500e+00 -2.49964e+01 1.06737e+01 3.56559e+01 3.56701e+01
4.47000e+00 -2.47467e+01 9.57969e+00 3.43267e+01 3.43264e+01
4.47500e+00 -2.45500e+01 8.35117e+00 3.29166e+01 3.29012e+01
4.48000e+00 -2.42702e+01 6.95509e+00 3.12141e+01 3.12253e+01
4.48500e+00 -2.41466e+01 5.47631e+00 2.96021e+01 2.96229e+01
4.49000e+00 -2.38204e+01 3.71249e+00 2.75423e+01 2.75329e+01
4.49500e+00 -2.36706e+01 1.92938e+00 2.56060e+01 2.56000e+01
4.50000e+00 -2.34021e+01 -1.58081e-02 2.33674e+01 2.33863e+01
4.50500e+00 -2.32069e+01 -2.16095e+00 2.10454e+01 2.10459e+01
4.51000e+00 -2.29806e+01 -4.35702e+00 1.86496e+01 1.86236e+01
4.51500e+00 -2.26879e+01 -6.71027e+00 1.59743e+01 1.59776e+01
4.52000e+00 -2.25351e+01 -9.14343e+00 1.33736e+01 1.33917e+01
4.52500e+00 -2.22202e+01 -1.17546e+01 1.04804e+01 1.04655e+01
4.53000e+00 -2.20993e+01 -1.44449e+01 7.65335e+00 7.65440e+00
4.53500e+00 -2.17902e+01 -1.71868e+01 4.59617e+00 4.60339e+00
4.54000e+00 -2.15925e+01 -2.01127e+01 1.49769e+00 1.47986e+00
4.54500e+00 -2.13535e+01 -2.29868e+01 -1.63217e+00 -1.63332e+00
4.55000e+00 -2.10885e+01 -2.60129e+01 -4.92976e+00 -4.92446e+00
4.55500e+00 -2.09085e+01 -2.90185e+01 -8.10861e+00 -8.10998e+00
4.56000e+00 -2.05839e+01 -3.21276e+01 -1.15318e+01 -1.15437e+01
4.56500e+00 -2.04899e+01 -3.51812e+01 -1.47003e+01 -1.46913e+01
4.57000e+00 -2.01530e+01 -3.83151e+01 -1.81606e+01 -1.81621e+01
4.57500e+00 -2.00127e+01 -4.13794e+01 -2.13582e+01 -2.13668e+01
4.58000e+00 -1.97134e+01 -4.44596e+01 -2.47550e+01 -2.47463e+01
4.58500e+00 -1.95071e+01 -4.74632e+01 -2.79656e+01 -2.79561e+01
4.59000e+00 -1.93052e+01 -5.04361e+01 -3.11179e+01 -3.11309e+01
4.59500e+00 -1.90075e+01 -5.33329e+01 -3.43220e+01 -3.43255e+01
4.60000e+00 -1.88637e+01 -5.60712e+01 -3.72213e+01 -3.72076e+01
4.60500e+00 -1.85286e+01 -5.88269e+01 -4.02864e+01 -4.02983e+01
4.61000e+00 -1.84372e+01 -6.13894e+01 -4.29450e+01 -4.29522e+01
4.61500e+00 -1.81132e+01 -6.39027e+01 -4.58002e+01 -4.57895e+01
4.62000e+00 -1.79398e+01 -6.62246e+01 -4.82903e+01 -4.82848e+01
4.62500e+00 -1.76667e+01 -6.84535e+01 -5.07766e+01 -5.07868e+01
4.63000e+00 -1.74079e+01 -7.05289e+01 -5.31086e+01 -5.31210e+01
4.63500e+00 -1.72808e+01 -7.23753e+01 -5.51058e+01 -5.50945e+01
4.64000e+00 -1.69111e+01 -7.41766e+01 -5.72410e+01 -5.72655e+01
4.64500e+00 -1.68091e+01 -7.57078e+01 -5.88713e+01 -5.88987e+01
4.65000e+00 -1.64732e+01 -7.70763e+01 -6.06116e+01 -6.06031e+01
4.65500e+00 -1.63430e+01 -7.82749e+01 -6.19447e+01 -6.19318e+01
4.66000e+00 -1.60674e+01 -7.92851e+01 -6.32020e+01 -6.32177e+01
4.66500e+00 -1.58101e+01 -8.01124e+01 -6.43155e+01 -6.43022e+01
4.67000e+00 -1.56208e+01 -8.07107e+01 -6.51022e+01 -6.50899e+01
4.67500e+00 -1.53147e+01 -8.11711e+01 -6.58265e+01 -6.58564e+01
4.68000e+00 -1.51843e+01 -8.14264e+01 -6.62258e+01 -6.62421e+01
4.68500e+00 -1.48477e+01 -8.14822e+01 -6.66470e+01 -6.66345e+01
4.69000e+00 -1.46957e+01 -8.14232e+01 -6.67200e+01 -6.67275e+01
4.69500e+00 -1.44018e+01 -8.12204e+01 -6.68168e+01 -6.68186e+01
4.70000e+00 -1.42086e+01 -8.08447e+01 -6.66506e+01 -6.66361e+01
4.70500e+00 -1.39571e+01 -8.03216e+01 -6.63722e+01 -6.63645e+01
4.71000e+00 -1.37101e+01 -7.95906e+01 -6.58548e+01 -6.58804e+01
4.71500e+00 -1.35187e+01 -7.87434e+01 -6.52293e+01 -6.52247e+01
4.72000e+00 -1.32568e+01 -7.76976e+01 -6.44458e+01 -6.44408e+01
4.72500e+00 -1.30504e+01 -7.65169e+01 -6.34451e+01 -6.34665e+01
4.73000e+00 -1.27634e+01 -7.52089e+01 -6.24309e+01 -6.24455e+01
4.73500e+00 -1.25628e+01 -7.36929e+01 -6.11471e+01 -6.11301e+01
4.74000e+00 -1.23350e+01 -7.21216e+01 -5.97743e+01 -5.97866e+01
4.74500e+00 -1.21192e+01 -7.03909e+01 -5.82670e+01 -5.82718e+01
4.75000e+00 -1.18890e+01 -6.84807e+01 -5.66040e+01 -5.65917e+01
4.75500e+00 -1.16357e+01 -6.65022e+01 -5.48787e+01 -5.48665e+01
4.76000e+00 -1.14145e+01 -6.43227e+01 -5.28991e+01 -5.29081e+01
4.76500e+00 -1.11686e+01 -6.20885e+01 -5.09189e+01 -5.09198e+01
4.77000e+00 -1.09310e+01 -5.96644e+01 -4.87497e+01 -4.87334e+01
4.77500e+00 -1.06893e+01 -5.71433e+01 -4.64264e+01 -4.64541e+01
4.78000e+00 -1.04411e+01 -5.44964e+01 -4.40566e+01 -4.40552e+01
4.78500e+00 -1.02808e+01 -5.17875e+01 -4.15170e+01 -4.15067e+01
4.79000e+00 -9.99889e+00 -4.89726e+01 -3.89615e+01 -3.89738e+01
4.79500e+00 -9.80014e+00 -4.61411e+01 -3.63156e+01 -3.63409e+01
4.80000e+00 -9.51148e+00 -4.31146e+01 -3.36071e+01 -3.36032e+01
4.80500e+00 -9.30573e+00 -4.01579e+01 -3.08623e+01 -3.08522e+01
4.81000e+00 -9.03267e+00 -3.70789e+01 -2.80402e+01 -2.80462e+01
4.81500e+00 -8.81501e+00 -3.40374e+01 -2.52201e+01 -2.52224e+01
4.82000e+00 -8.52746e+00 -3.09295e+01 -2.24083e+01 -2.24020e+01
4.82500e+00 -8.38143e+00 -2.78802e+01 -1.94812e+01 -1.94988e+01
4.83000e+00 -8.05389e+00 -2.48129e+01 -1.67558e+01 -1.67590e+01
4.83500e+00 -7.95508e+00 -2.17597e+01 -1.38212e+01 -1.38046e+01
4.84000e+00 -7.52914e+00 -1.88200e+01 -1.12732e+01 -1.12909e+01
4.84500e+00 -7.45109e+00 -1.58726e+01 -8.40133e+00 -8.42151e+00
4.85000e+00 -7.09469e+00 -1.29956e+01 -5.91730e+00 -5.90093e+00
4.85500e+00 -6.94174e+00 -1.02126e+01 -3.26095e+00 -3.27085e+00
4.86000e+00 -6.65845e+00 -7.56359e+00 -9.02234e-01 -9.05142e-01
4.86500e+00 -6.39204e+00 -4.95627e+00 1.42456e+00 1.43577e+00
4.87000e+00 -6.26237e+00 -2.53764e+00 3.72212e+00 3.72473e+00
4.87500e+00 -5.92662e+00 -2.55697e-01 5.69583e+00 5.67092e+00
4.88000e+00 -5.80331e+00 1.89144e+00 7.68801e+00 7.69475e+00
4.88500e+00 -5.47789e+00 3.88854e+00 9.35364e+00 9.36643e+00
4.89000e+00 -5.28739e+00 5.71223e+00 1.10201e+01 1.09996e+01
4.89500e+00 -5.03124e+00 7.34359e+00 1.23688e+01 1.23748e+01
4.90000e+00 -4.76153e+00 8.86528e+00 1.36208e+01 1.36268e+01
4.90500e+00 -4.56586e+00 1.01005e+01 1.46814e+01 1.46663e+01
4.91000e+00 -4.25862e+00 1.11941e+01 1.54464e+01 1.54527e+01
4.91500e+00 -4.15726e+00 1.20795e+01 1.62236e+01 1.62367e+01
4.92000e+00 -3.81090e+00 1.27148e+01 1.65286e+01 1.65257e+01
4.92500e+00 -3.64258e+00 1.32113e+01 1.68607e+01 1.68539e+01
4.93000e+00 -3.31634e+00 1.34867e+01 1.67977e+01 1.68030e+01
4.93500e+00 -3.12944e+00 1.36153e+01 1.67461e+01 1.67447e+01
4.94000e+00 -2.86684e+00 1.35099e+01 1.64071e+01 1.63768e+01
4.94500e+00 -2.61378e+00 1.32928e+01 1.59094e+01 1.59066e+01
4.95000e+00 -2.41102e+00 1.29669e+01 1.53731e+01 1.53779e+01
4.95500e+00 -2.11914e+00 1.23106e+01 1.44370e+01 1.44297e+01
4.96000e+00 -1.97892e+00 1.16009e+01 1.35950e+01 1.35799e+01
4.96500e+00 -1.63332e+00 1.06656e+01 1.22939e+01 1.22989e+01
4.97000e+00 -1.45681e+00 9.57869e+00 1.10447e+01 1.10355e+01
4.97500e+00 -1.14306e+00 8.35949e+00 9.51221e+00 9.50255e+00
4.98000e+00 -9.60902e-01 6.95563e+00 7.89793e+00 7.91654e+00
4.98500e+00 -7.07239e-01 5.45503e+00 6.17449e+00 6.16227e+00
4.99000e+00 -4.54404e-01 3.72434e+00 4.20213e+00 4.17875e+00
4.99500e+00 -2.55933e-01 1.94162e+00 2.18840e+00 2.19755e+00
