lambda2-lambda1 rms-sigma/3 rms-sigma/2 rms-sigma rms-2sigma rms-3sigma w-sigma/3 w-sigma/2 w-sigma w-2sigma w-3sigma
-1.00000e+00 5.03058e-01 1.19429e-01 2.61120e-03 1.62643e-03 1.37410e-03 nan nan nan nan nan
-9.90000e-01 5.02130e-01 1.19356e-01 1.65630e-03 1.27591e-03 1.25170e-03 nan nan nan nan nan
-9.80000e-01 5.02609e-01 1.19914e-01 2.48936e-03 2.32927e-03 2.20817e-03 nan nan nan nan nan
-9.70000e-01 5.03038e-01 1.20613e-01 2.04872e-03 1.37392e-03 1.17008e-03 nan nan nan nan nan
-9.60000e-01 5.03153e-01 1.20898e-01 1.65335e-03 1.39480e-03 1.30787e-03 nan nan nan nan nan
-9.50000e-01 5.03421e-01 1.21862e-01 3.13603e-03 1.88303e-03 1.47131e-03 nan nan nan nan nan
-9.40000e-01 5.04996e-01 1.23468e-01 1.93697e-03 1.40045e-03 1.13303e-03 nan nan nan nan nan
-9.30000e-01 5.05582e-01 1.24811e-01 2.01421e-03 1.53770e-03 1.33530e-03 nan nan nan nan nan
-9.20000e-01 5.06690e-01 1.26917e-01 3.19623e-03 1.87469e-03 1.44840e-03 nan nan nan nan nan
-9.10000e-01 5.08178e-01 1.28860e-01 1.96736e-03 1.36366e-03 1.19751e-03 nan nan nan nan nan
-9.00000e-01 5.08746e-01 1.30941e-01 3.13708e-03 2.14729e-03 1.87039e-03 nan nan nan nan nan
-8.90000e-01 5.11489e-01 1.33659e-01 2.01455e-03 1.30404e-03 1.14118e-03 nan nan nan nan nan
-8.80000e-01 5.12700e-01 1.36367e-01 2.07259e-03 1.29364e-03 1.19165e-03 nan nan nan nan nan
-8.70000e-01 5.15209e-01 1.39351e-01 3.19141e-03 1.74775e-03 1.27978e-03 nan nan nan nan nan
-8.60000e-01 5.17124e-01 1.42550e-01 2.72887e-03 1.95674e-03 1.50589e-03 nan nan nan nan nan
-8.50000e-01 5.18487e-01 1.45530e-01 2.37092e-03 1.50286e-03 1.24721e-03 nan nan nan nan nan
-8.40000e-01 5.21225e-01 1.49540e-01 2.33181e-03 1.14420e-03 9.46734e-04 nan nan nan nan nan
-8.30000e-01 5.23248e-01 1.53020e-01 3.41850e-03 2.44847e-03 1.74715e-03 nan nan nan nan nan
-8.20000e-01 5.25649e-01 1.57417e-01 2.18760e-03 1.34703e-03 1.10733e-03 nan nan nan nan nan
-8.10000e-01 5.28398e-01 1.61444e-01 2.41601e-03 1.27256e-03 1.30233e-03 nan nan nan nan nan
-8.00000e-01 5.31862e-01 1.66395e-01 1.91370e-03 1.23474e-03 1.15538e-03 nan nan nan nan nan
-7.90000e-01 5.34029e-01 1.70904e-01 2.05992e-03 1.25701e-03 1.23766e-03 nan nan nan nan nan
-7.80000e-01 5.38300e-01 1.76293e-01 2.29571e-03 1.65098e-03 1.32552e-03 nan nan nan nan nan
-7.70000e-01 5.40587e-01 1.81373e-01 4.21021e-03 2.21625e-03 1.49707e-03 nan nan nan nan nan
-7.60000e-01 5.44281e-01 1.86781e-01 2.47925e-03 1.38339e-03 1.26444e-03 nan nan nan nan nan
-7.50000e-01 5.48243e-01 1.92504e-01 2.54191e-03 1.23685e-03 1.03217e-03 nan nan nan nan nan
-7.40000e-01 5.51715e-01 1.98748e-01 4.07933e-03 1.95201e-03 1.22656e-03 nan nan nan nan nan
-7.30000e-01 5.55267e-01 2.04645e-01 3.32641e-03 2.08805e-03 1.82998e-03 nan nan nan nan nan
-7.20000e-01 5.58885e-01 2.10787e-01 3.50012e-03 1.38882e-03 1.13837e-03 nan nan nan nan nan
-7.10000e-01 5.64062e-01 2.18161e-01 4.76307e-03 1.78130e-03 1.54886e-03 nan nan nan nan nan
-7.00000e-01 5.67103e-01 2.24486e-01 5.78628e-03 3.53203e-03 3.15002e-03 nan nan nan nan nan
-6.90000e-01 5.71619e-01 2.31429e-01 5.47189e-03 1.30216e-03 1.44631e-03 nan nan nan nan nan
-6.80000e-01 5.75937e-01 2.39025e-01 6.61512e-03 1.51049e-03 1.48731e-03 nan nan nan nan nan
-6.70000e-01 5.80608e-01 2.45929e-01 7.04431e-03 2.05099e-03 1.80794e-03 nan nan nan nan nan
-6.60000e-01 5.85237e-01 2.53730e-01 8.26018e-03 1.86284e-03 1.58784e-03 nan nan nan nan nan
-6.50000e-01 5.90650e-01 2.61995e-01 9.58216e-03 1.43493e-03 1.05547e-03 nan nan nan nan nan
-6.40000e-01 5.94604e-01 2.69802e-01 1.07754e-02 1.58723e-03 1.50455e-03 nan nan nan nan nan
-6.30000e-01 5.99061e-01 2.78129e-01 1.24306e-02 1.31072e-03 1.08817e-03 nan nan nan nan nan
-6.20000e-01 6.03226e-01 2.85754e-01 1.41837e-02 2.49615e-03 2.33323e-03 nan nan nan nan nan
-6.10000e-01 6.08724e-01 2.94365e-01 1.69888e-02 2.93389e-03 1.95225e-03 nan nan nan nan nan
-6.00000e-01 6.14221e-01 3.03385e-01 1.82393e-02 1.55428e-03 1.65142e-03 nan nan nan nan nan
-5.90000e-01 6.19046e-01 3.12578e-01 2.06043e-02 1.42850e-03 1.64781e-03 nan nan nan nan nan
-5.80000e-01 6.25608e-01 3.21935e-01 2.39433e-02 3.60990e-03 3.26725e-03 nan nan nan nan nan
-5.70000e-01 6.29496e-01 3.30750e-01 2.64455e-02 1.99156e-03 1.79430e-03 nan nan nan nan nan
-5.60000e-01 6.34732e-01 3.39782e-01 2.93713e-02 1.33883e-03 1.37931e-03 nan nan nan nan nan
-5.50000e-01 6.41508e-01 3.50222e-01 3.35952e-02 1.96077e-03 1.53553e-03 nan nan nan nan nan
-5.40000e-01 6.45725e-01 3.59446e-01 3.74407e-02 1.31055e-03 1.19069e-03 nan nan nan nan nan
-5.30000e-01 6.53068e-01 3.69957e-01 4.17818e-02 1.33344e-03 1.27378e-03 nan nan nan nan nan
-5.20000e-01 6.58243e-01 3.79798e-01 4.67470e-02 1.19990e-03 1.52448e-03 nan nan nan nan nan
-5.10000e-01 6.64761e-01 3.90414e-01 5.21728e-02 2.16146e-03 1.89864e-03 nan nan nan nan nan
-5.00000e-01 6.69624e-01 4.00877e-01 5.80060e-02 1.51605e-03 1.84747e-03 nan nan nan nan nan
-4.90000e-01 6.75997e-01 4.11657e-01 6.43911e-02 1.44285e-03 1.98346e-03 nan nan nan nan nan
-4.80000e-01 6.82227e-01 4.21907e-01 7.08980e-02 1.37446e-03 1.64106e-03 nan nan nan nan nan
-4.70000e-01 6.87604e-01 4.32747e-01 7.84391e-02 1.49824e-03 1.54969e-03 nan nan nan nan nan
-4.60000e-01 6.93498e-01 4.43500e-01 8.61191e-02 1.37580e-03 1.32240e-03 nan nan nan nan nan
-4.50000e-01 7.00783e-01 4.54977e-01 9.44968e-02 1.17086e-03 9.83910e-04 nan nan nan nan nan
-4.40000e-01 7.07658e-01 4.66487e-01 1.03840e-01 1.70503e-03 1.38779e-03 nan nan nan nan nan
-4.30000e-01 7.11814e-01 4.77243e-01 1.13346e-01 1.49502e-03 2.13990e-03 nan nan nan nan nan
-4.20000e-01 7.18531e-01 4.89105e-01 1.23784e-01 1.68514e-03 2.45661e-03 nan nan nan nan nan
-4.10000e-01 7.24699e-01 5.00388e-01 1.34805e-01 1.16031e-03 2.54244e-03 nan nan nan nan nan
-4.00000e-01 7.32563e-01 5.12289e-01 1.46463e-01 1.82658e-03 2.72582e-03 nan nan nan nan nan
-3.90000e-01 7.37795e-01 5.23630e-01 1.58412e-01 2.00916e-03 2.78195e-03 nan nan nan nan nan
-3.80000e-01 7.44019e-01 5.35618e-01 1.71656e-01 1.66079e-03 2.29882e-03 nan nan nan nan nan
-3.70000e-01 7.48435e-01 5.46636e-01 1.85122e-01 2.62617e-03 2.05901e-03 nan nan nan nan nan
-3.60000e-01 7.57007e-01 5.59186e-01 1.99532e-01 1.47672e-03 1.18157e-03 nan nan nan nan nan
-3.50000e-01 7.62206e-01 5.70811e-01 2.14538e-01 1.29872e-03 1.86006e-03 nan nan nan nan nan
-3.40000e-01 7.68099e-01 5.82480e-01 2.30063e-01 2.11960e-03 3.08677e-03 nan nan nan nan nan
-3.30000e-01 7.74413e-01 5.94243e-01 2.46636e-01 2.71462e-03 3.93719e-03 nan nan nan nan nan
-3.20000e-01 7.82146e-01 6.07185e-01 2.63629e-01 4.48560e-03 4.54700e-03 nan nan nan nan nan
-3.10000e-01 7.86989e-01 6.18221e-01 2.80845e-01 7.02557e-03 4.67487e-03 nan nan nan nan nan
-3.00000e-01 7.93850e-01 6.30704e-01 2.99689e-01 1.10727e-02 4.51323e-03 nan nan nan nan nan
-2.90000e-01 7.98646e-01 6.42374e-01 3.18601e-01 1.59144e-02 4.01458e-03 nan nan nan nan nan
-2.80000e-01 8.06107e-01 6.54340e-01 3.37977e-01 2.20143e-02 1.48626e-03 nan nan nan nan nan
-2.70000e-01 8.13445e-01 6.67014e-01 3.58407e-01 3.01430e-02 2.40123e-03 nan nan nan nan nan
-2.60000e-01 8.17192e-01 6.77997e-01 3.78648e-01 3.94383e-02 4.83583e-03 nan nan nan nan nan
-2.50000e-01 8.23687e-01 6.89926e-01 4.00068e-01 5.12067e-02 7.98201e-03 nan nan nan nan nan
-2.40000e-01 8.32112e-01 7.02725e-01 4.22237e-01 6.54298e-02 1.08092e-02 nan nan nan nan nan
-2.30000e-01 8.35631e-01 7.13489e-01 4.44325e-01 8.18647e-02 1.26179e-02 nan nan nan nan nan
-2.20000e-01 8.41642e-01 7.25191e-01 4.66958e-01 1.00531e-01 1.33814e-02 nan nan nan nan nan
-2.10000e-01 8.45966e-01 7.36641e-01 4.89800e-01 1.22003e-01 1.15335e-02 nan nan nan nan nan
-2.00000e-01 8.52318e-01 7.48379e-01 5.12930e-01 1.46050e-01 6.87500e-03 nan nan nan nan nan
-1.90000e-01 8.57129e-01 7.59484e-01 5.36821e-01 1.73196e-01 2.23669e-03 nan nan nan nan nan
-1.80000e-01 8.61628e-01 7.70163e-01 5.60199e-01 2.02653e-01 1.48401e-02 nan nan nan nan nan
-1.70000e-01 8.68273e-01 7.82305e-01 5.84856e-01 2.35344e-01 3.32424e-02 nan nan nan nan nan
-1.60000e-01 8.71249e-01 7.91932e-01 6.08157e-01 2.69905e-01 5.68034e-02 nan nan nan nan nan
-1.50000e-01 8.74778e-01 8.01947e-01 6.32365e-01 3.07479e-01 8.67241e-02 nan nan nan nan nan
-1.40000e-01 8.80776e-01 8.13010e-01 6.56515e-01 3.47192e-01 1.22576e-01 nan nan nan nan nan
-1.30000e-01 8.83365e-01 8.22736e-01 6.80261e-01 3.89214e-01 1.64814e-01 nan nan nan nan nan
-1.20000e-01 8.86845e-01 8.31934e-01 7.03802e-01 4.32591e-01 2.12345e-01 nan nan nan nan nan
-1.10000e-01 8.92405e-01 8.40785e-01 7.26545e-01 4.77690e-01 2.65612e-01 nan nan nan nan nan
-1.00000e-01 8.97143e-01 8.50718e-01 7.49596e-01 5.23616e-01 3.23406e-01 nan nan nan nan nan
-9.00000e-02 8.99811e-01 8.58211e-01 7.71428e-01 5.70629e-01 3.85611e-01 nan nan nan nan nan
-8.00000e-02 3.91681e+00 8.65077e-01 7.94013e-01 6.18331e-01 4.51126e-01 nan nan nan nan nan
-7.00000e-02 8.99482e-01 8.71061e-01 8.13410e-01 6.64879e-01 5.18444e-01 nan nan nan nan nan
-6.00000e-02 9.07908e-01 8.78891e-01 8.33280e-01 7.11272e-01 5.87215e-01 nan nan nan nan nan
-5.00000e-02 3.92284e+00 8.81227e-01 8.50068e-01 7.55924e-01 6.55816e-01 nan nan nan nan nan
-4.00000e-02 3.93045e+00 8.88106e-01 8.66460e-01 7.98484e-01 7.22637e-01 nan nan nan nan nan
-3.00000e-02 3.92957e+00 8.90928e-01 8.77378e-01 8.35230e-01 7.84456e-01 nan nan nan nan nan
-2.00000e-02 3.90866e+00 9.04673e-01 8.88148e-01 8.66810e-01 8.40034e-01 nan nan nan nan nan
-1.00000e-02 9.05050e-01 8.94003e-01 8.92228e-01 8.86805e-01 8.79357e-01 nan nan nan nan nan
0.00000e+00 9.01640e-01 8.94519e-01 8.95778e-01 3.92044e+00 3.92052e+00 0.00000e+00 0.00000e+00 0.00000e+00 0.00000e+00 0.00000e+00
1.00000e-02 9.00938e-01 8.94149e-01 8.92923e-01 8.87425e-01 8.80229e-01 1.04651e-02 1.57133e-02 3.14266e-02 6.28533e-02 9.42799e-02
2.00000e-02 3.91384e+00 3.91813e+00 8.90992e-01 8.66707e-01 8.41347e-01 2.09301e-02 3.14266e-02 6.28533e-02 1.25707e-01 1.88560e-01
3.00000e-02 8.97770e-01 8.90558e-01 8.76861e-01 8.35372e-01 7.86082e-01 3.13952e-02 4.71399e-02 9.42799e-02 1.88560e-01 2.82840e-01
4.00000e-02 8.95050e-01 8.87532e-01 8.66074e-01 7.98336e-01 7.24008e-01 4.18603e-02 6.28533e-02 1.25707e-01 2.51413e-01 3.77120e-01
5.00000e-02 8.90605e-01 8.81765e-01 8.49272e-01 7.55418e-01 6.56866e-01 5.23253e-02 7.85666e-02 1.57133e-01 3.14266e-01 4.71399e-01
6.00000e-02 8.86311e-01 8.76336e-01 8.32479e-01 7.10967e-01 5.88251e-01 6.27904e-02 9.42799e-02 1.88560e-01 3.77120e-01 5.65679e-01
7.00000e-02 8.86297e-01 8.71568e-01 8.13587e-01 6.64860e-01 5.19237e-01 7.32555e-02 1.09993e-01 2.19986e-01 4.39973e-01 6.59959e-01
8.00000e-02 8.82140e-01 8.65815e-01 7.93516e-01 6.18007e-01 4.51481e-01 8.37205e-02 1.25707e-01 2.51413e-01 5.02826e-01 7.54239e-01
9.00000e-02 8.79583e-01 8.60122e-01 7.72887e-01 5.71196e-01 3.86153e-01 9.41856e-02 1.41420e-01 2.82840e-01 5.65679e-01 8.48519e-01
1.00000e-01 8.70512e-01 8.47600e-01 7.48750e-01 5.23663e-01 3.23502e-01 1.04651e-01 1.57133e-01 3.14266e-01 6.28533e-01 9.42799e-01
1.10000e-01 8.68138e-01 8.41343e-01 7.27182e-01 4.77752e-01 2.65207e-01 1.15116e-01 1.72846e-01 3.45693e-01 6.91386e-01 1.03708e+00
1.20000e-01 8.63043e-01 8.32376e-01 7.04004e-01 4.32695e-01 2.11858e-01 1.25581e-01 1.88560e-01 3.77120e-01 7.54239e-01 1.13136e+00
1.30000e-01 8.58294e-01 8.23086e-01 6.80132e-01 3.88912e-01 1.63754e-01 1.36046e-01 2.04273e-01 4.08546e-01 8.17092e-01 1.22564e+00
1.40000e-01 8.51173e-01 8.12128e-01 6.56300e-01 3.47316e-01 1.21849e-01 1.46511e-01 2.19986e-01 4.39973e-01 8.79946e-01 1.31992e+00
1.50000e-01 8.44501e-01 8.01572e-01 6.32260e-01 3.07591e-01 8.58614e-02 1.56976e-01 2.35700e-01 4.71399e-01 9.42799e-01 1.41420e+00
1.60000e-01 8.40420e-01 7.91961e-01 6.08217e-01 2.70096e-01 5.61078e-02 1.67441e-01 2.51413e-01 5.02826e-01 1.00565e+00 1.50848e+00
1.70000e-01 8.33597e-01 7.81528e-01 5.84200e-01 2.34976e-01 3.22743e-02 1.77906e-01 2.67126e-01 5.34253e-01 1.06851e+00 1.60276e+00
1.80000e-01 8.25338e-01 7.69512e-01 5.60610e-01 2.02813e-01 1.43280e-02 1.88371e-01 2.82840e-01 5.65679e-01 1.13136e+00 1.69704e+00
1.90000e-01 8.21587e-01 7.59255e-01 5.36463e-01 1.73037e-01 2.13412e-03 1.98836e-01 2.98553e-01 5.97106e-01 1.19421e+00 1.79132e+00
2.00000e-01 8.14286e-01 7.48276e-01 5.12866e-01 1.46049e-01 6.94611e-03 2.09301e-01 3.14266e-01 6.28533e-01 1.25707e+00 1.88560e+00
2.10000e-01 8.07892e-01 7.37045e-01 4.89990e-01 1.21933e-01 1.11894e-02 2.19766e-01 3.29980e-01 6.59959e-01 1.31992e+00 1.97988e+00
2.20000e-01 8.00490e-01 7.25299e-01 4.66837e-01 1.00492e-01 1.27197e-02 2.30231e-01 3.45693e-01 6.91386e-01 1.38277e+00 2.07416e+00
2.30000e-01 7.95061e-01 7.14248e-01 4.44320e-01 8.17389e-02 1.19028e-02 2.40697e-01 3.61406e-01 7.22812e-01 1.44562e+00 2.16844e+00
2.40000e-01 7.85702e-01 7.00853e-01 4.21857e-01 6.53415e-02 9.89255e-03 2.51162e-01 3.77120e-01 7.54239e-01 1.50848e+00 2.26272e+00
2.50000e-01 7.78466e-01 6.89303e-01 4.00491e-01 5.16374e-02 6.74653e-03 2.61627e-01 3.92833e-01 7.85666e-01 1.57133e+00 2.35700e+00
2.60000e-01 7.71695e-01 6.77538e-01 3.79036e-01 3.95329e-02 3.96515e-03 2.72092e-01 4.08546e-01 8.17092e-01 1.63418e+00 2.45128e+00
2.70000e-01 7.63890e-01 6.65328e-01 3.58331e-01 2.99938e-02 1.46286e-03 2.82557e-01 4.24260e-01 8.48519e-01 1.69704e+00 2.54556e+00
2.80000e-01 7.57157e-01 6.53933e-01 3.38158e-01 2.21119e-02 2.03788e-03 2.93022e-01 4.39973e-01 8.79946e-01 1.75989e+00 2.63984e+00
2.90000e-01 7.49703e-01 6.41605e-01 3.18599e-01 1.61098e-02 4.01508e-03 3.03487e-01 4.55686e-01 9.11372e-01 1.82274e+00 2.73412e+00
3.00000e-01 7.43448e-01 6.30189e-01 2.99709e-01 1.13982e-02 4.88500e-03 3.13952e-01 4.71399e-01 9.42799e-01 1.88560e+00 2.82840e+00
3.10000e-01 7.35429e-01 6.17949e-01 2.81171e-01 7.14296e-03 4.64742e-03 3.24417e-01 4.87113e-01 9.74226e-01 1.94845e+00 2.92268e+00
3.20000e-01 7.25957e-01 6.04996e-01 2.63396e-01 4.74236e-03 4.23797e-03 3.34882e-01 5.02826e-01 1.00565e+00 2.01130e+00 3.01696e+00
3.30000e-01 7.20247e-01 5.93954e-01 2.46570e-01 2.64349e-03 3.18608e-03 3.45347e-01 5.18539e-01 1.03708e+00 2.07416e+00 3.11124e+00
3.40000e-01 7.12143e-01 5.81649e-01 2.29872e-01 1.96378e-03 2.25741e-03 3.55812e-01 5.34253e-01 1.06851e+00 2.13701e+00 3.20552e+00
3.50000e-01 7.04252e-01 5.69820e-01 2.14653e-01 1.71221e-03 1.40279e-03 3.66277e-01 5.49966e-01 1.09993e+00 2.19986e+00 3.29980e+00
3.60000e-01 6.96969e-01 5.58015e-01 1.99426e-01 3.45961e-03 2.46136e-03 3.76742e-01 5.65679e-01 1.13136e+00 2.26272e+00 3.39408e+00
3.70000e-01 6.88333e-01 5.45766e-01 1.84875e-01 1.68896e-03 2.08214e-03 3.87208e-01 5.81393e-01 1.16279e+00 2.32557e+00 3.48836e+00
3.80000e-01 6.81930e-01 5.34643e-01 1.71611e-01 1.23379e-03 2.34993e-03 3.97673e-01 5.97106e-01 1.19421e+00 2.38842e+00 3.58264e+00
3.90000e-01 6.73209e-01 5.22337e-01 1.58429e-01 1.33756e-03 2.64461e-03 4.08138e-01 6.12819e-01 1.22564e+00 2.45128e+00 3.67692e+00
4.00000e-01 6.65587e-01 5.10815e-01 1.46501e-01 1.69349e-03 2.70878e-03 4.18603e-01 6.28533e-01 1.25707e+00 2.51413e+00 3.77120e+00
4.10000e-01 6.57080e-01 4.98277e-01 1.34250e-01 1.40602e-03 2.53528e-03 4.29068e-01 6.44246e-01 1.28849e+00 2.57698e+00 3.86548e+00
4.20000e-01 6.49934e-01 4.87480e-01 1.23921e-01 1.80158e-03 2.08397e-03 4.39533e-01 6.59959e-01 1.31992e+00 2.63984e+00 3.95976e+00
4.30000e-01 6.41065e-01 4.75385e-01 1.13303e-01 3.00176e-03 2.52888e-03 4.49998e-01 6.75673e-01 1.35135e+00 2.70269e+00 4.05404e+00
4.40000e-01 6.33281e-01 4.64246e-01 1.03750e-01 1.66171e-03 1.39690e-03 4.60463e-01 6.91386e-01 1.38277e+00 2.76554e+00 4.14832e+00
4.50000e-01 6.24739e-01 4.52433e-01 9.46221e-02 1.72538e-03 1.37111e-03 4.70928e-01 7.07099e-01 1.41420e+00 2.82840e+00 4.24260e+00
4.60000e-01 6.17482e-01 4.41310e-01 8.59422e-02 1.36685e-03 1.60166e-03 4.81393e-01 7.22812e-01 1.44562e+00 2.89125e+00 4.33687e+00
4.70000e-01 6.09358e-01 4.30418e-01 7.83289e-02 1.51500e-03 2.11377e-03 4.91858e-01 7.38526e-01 1.47705e+00 2.95410e+00 4.43115e+00
4.80000e-01 6.00979e-01 4.19254e-01 7.08697e-02 1.30499e-03 2.09441e-03 5.02323e-01 7.54239e-01 1.50848e+00 3.01696e+00 4.52543e+00
4.90000e-01 5.93401e-01 4.08561e-01 6.43599e-02 1.74150e-03 2.04100e-03 5.12788e-01 7.69952e-01 1.53990e+00 3.07981e+00 4.61971e+00
5.00000e-01 5.85942e-01 3.97918e-01 5.80280e-02 1.35060e-03 1.85868e-03 5.23253e-01 7.85666e-01 1.57133e+00 3.14266e+00 4.71399e+00
5.10000e-01 5.78432e-01 3.87646e-01 5.20923e-02 1.53777e-03 1.38209e-03 5.33718e-01 8.01379e-01 1.60276e+00 3.20552e+00 4.80827e+00
5.20000e-01 5.69506e-01 3.76685e-01 4.70013e-02 1.50720e-03 1.24756e-03 5.44184e-01 8.17092e-01 1.63418e+00 3.26837e+00 4.90255e+00
5.30000e-01 5.61829e-01 3.66489e-01 4.21105e-02 1.51902e-03 1.22056e-03 5.54649e-01 8.32806e-01 1.66561e+00 3.33122e+00 4.99683e+00
5.40000e-01 5.53653e-01 3.56060e-01 3.76403e-02 1.45060e-03 1.45745e-03 5.65114e-01 8.48519e-01 1.69704e+00 3.39408e+00 nan
5.50000e-01 5.46543e-01 3.46045e-01 3.33826e-02 2.79155e-03 2.26346e-03 5.75579e-01 8.64232e-01 1.72846e+00 3.45693e+00 nan
5.60000e-01 5.38535e-01 3.36318e-01 2.99991e-02 1.37143e-03 1.99958e-03 5.86044e-01 8.79946e-01 1.75989e+00 3.51978e+00 nan
5.70000e-01 5.30158e-01 3.26117e-01 2.64347e-02 1.15925e-03 1.77725e-03 5.96509e-01 8.95659e-01 1.79132e+00 3.58264e+00 nan
5.80000e-01 5.22897e-01 3.16683e-01 2.31481e-02 1.37135e-03 1.94008e-03 6.06974e-01 9.11372e-01 1.82274e+00 3.64549e+00 nan
5.90000e-01 5.15108e-01 3.07186e-01 2.07347e-02 1.31801e-03 1.49299e-03 6.17439e-01 9.27086e-01 1.85417e+00 3.70834e+00 nan
6.00000e-01 5.07035e-01 2.97717e-01 1.84229e-02 1.26369e-03 1.41145e-03 6.27904e-01 9.42799e-01 1.88560e+00 3.77120e+00 nan
6.10000e-01 4.99536e-01 2.88628e-01 1.60222e-02 2.43801e-03 1.97914e-03 6.38369e-01 9.58512e-01 1.91702e+00 3.83405e+00 nan
6.20000e-01 4.92008e-01 2.79723e-01 1.40188e-02 1.60877e-03 1.39142e-03 6.48834e-01 9.74226e-01 1.94845e+00 3.89690e+00 nan
6.30000e-01 4.83422e-01 2.70565e-01 1.23950e-02 1.63001e-03 1.43014e-03 6.59299e-01 9.89939e-01 1.97988e+00 3.95976e+00 nan
6.40000e-01 4.76505e-01 2.62333e-01 1.09539e-02 1.41126e-03 1.55689e-03 6.69764e-01 1.00565e+00 2.01130e+00 4.02261e+00 nan
6.50000e-01 4.69280e-01 2.54225e-01 9.93276e-03 1.41877e-03 1.84067e-03 6.80229e-01 1.02137e+00 2.04273e+00 4.08546e+00 nan
6.60000e-01 4.60770e-01 2.45060e-01 8.21941e-03 1.45542e-03 1.78564e-03 6.90694e-01 1.03708e+00 2.07416e+00 4.14832e+00 nan
6.70000e-01 4.53884e-01 2.37315e-01 7.48746e-03 1.43097e-03 1.83263e-03 7.01160e-01 1.05279e+00 2.10558e+00 4.21117e+00 nan
6.80000e-01 4.46488e-01 2.29152e-01 6.15086e-03 1.38579e-03 1.64137e-03 7.11625e-01 1.06851e+00 2.13701e+00 4.27402e+00 nan
6.90000e-01 4.38648e-01 2.20798e-01 5.39111e-03 1.89465e-03 1.70254e-03 7.22090e-01 1.08422e+00 2.16844e+00 4.33687e+00 nan
7.00000e-01 4.31369e-01 2.13462e-01 5.64107e-03 2.27726e-03 2.03463e-03 7.32555e-01 1.09993e+00 2.19986e+00 4.39973e+00 nan
7.10000e-01 4.24166e-01 2.06159e-01 4.61255e-03 1.82690e-03 1.23100e-03 7.43020e-01 1.11565e+00 2.23129e+00 4.46258e+00 nan
7.20000e-01 4.17082e-01 1.99003e-01 4.99570e-03 2.27749e-03 1.39980e-03 7.53485e-01 1.13136e+00 2.26272e+00 4.52543e+00 nan
7.30000e-01 4.10454e-01 1.91896e-01 3.45506e-03 1.34837e-03 1.26316e-03 7.63950e-01 1.14707e+00 2.29414e+00 4.58829e+00 nan
7.40000e-01 4.03002e-01 1.84798e-01 4.03197e-03 2.25133e-03 2.15764e-03 7.74415e-01 1.16279e+00 2.32557e+00 4.65114e+00 nan
7.50000e-01 3.95799e-01 1.77973e-01 2.48528e-03 1.37893e-03 1.50302e-03 7.84880e-01 1.17850e+00 2.35700e+00 4.71399e+00 nan
7.60000e-01 3.88989e-01 1.71645e-01 3.42995e-03 2.40766e-03 2.23931e-03 7.95345e-01 1.19421e+00 2.38842e+00 4.77685e+00 nan
7.70000e-01 3.81484e-01 1.64830e-01 2.22310e-03 1.18691e-03 1.46573e-03 8.05810e-01 1.20993e+00 2.41985e+00 4.83970e+00 nan
7.80000e-01 3.74841e-01 1.58733e-01 3.29908e-03 2.30224e-03 1.90486e-03 8.16275e-01 1.22564e+00 2.45128e+00 4.90255e+00 nan
7.90000e-01 3.67744e-01 1.52417e-01 1.99664e-03 1.15570e-03 1.22128e-03 8.26740e-01 1.24135e+00 2.48270e+00 4.96541e+00 nan
8.00000e-01 3.60879e-01 1.46434e-01 1.91426e-03 1.34149e-03 1.21199e-03 8.37205e-01 1.25707e+00 2.51413e+00 nan nan
8.10000e-01 3.53973e-01 1.40436e-01 1.61358e-03 1.13025e-03 9.51776e-04 8.47670e-01 1.27278e+00 2.54556e+00 nan nan
8.20000e-01 3.47098e-01 1.34655e-01 2.42728e-03 1.56239e-03 1.37271e-03 8.58136e-01 1.28849e+00 2.57698e+00 nan nan
8.30000e-01 3.40363e-01 1.29153e-01 1.76106e-03 1.24551e-03 1.33701e-03 8.68601e-01 1.30421e+00 2.60841e+00 nan nan
8.40000e-01 3.33835e-01 1.23964e-01 2.82109e-03 1.83181e-03 1.78007e-03 8.79066e-01 1.31992e+00 2.63984e+00 nan nan
8.50000e-01 3.27238e-01 1.18657e-01 2.66820e-03 1.98583e-03 1.90437e-03 8.89531e-01 1.33563e+00 2.67126e+00 nan nan
8.60000e-01 3.21579e-01 1.14258e-01 1.93392e-03 1.30360e-03 1.55535e-03 8.99996e-01 1.35135e+00 2.70269e+00 nan nan
8.70000e-01 3.15413e-01 1.09486e-01 1.85971e-03 1.24508e-03 1.45659e-03 9.10461e-01 1.36706e+00 2.73412e+00 nan nan
8.80000e-01 3.09274e-01 1.04933e-01 1.98147e-03 2.15531e-03 2.22373e-03 9.20926e-01 1.38277e+00 2.76554e+00 nan nan
8.90000e-01 3.02504e-01 1.00042e-01 1.90571e-03 1.14217e-03 1.09510e-03 9.31391e-01 1.39849e+00 2.79697e+00 nan nan
9.00000e-01 2.96841e-01 9.59981e-02 1.77673e-03 1.48472e-03 1.54505e-03 9.41856e-01 1.41420e+00 2.82840e+00 nan nan
9.10000e-01 2.89859e-01 9.12519e-02 4.26554e-03 3.25427e-03 2.78139e-03 9.52321e-01 1.42991e+00 2.85982e+00 nan nan
9.20000e-01 2.84716e-01 8.75040e-02 2.05707e-03 2.34853e-03 1.93348e-03 9.62786e-01 1.44562e+00 2.89125e+00 nan nan
9.30000e-01 2.77886e-01 8.29993e-02 1.90783e-03 1.55690e-03 1.66413e-03 9.73251e-01 1.46134e+00 2.92268e+00 nan nan
9.40000e-01 2.72592e-01 7.97075e-02 2.70735e-03 2.41456e-03 2.17259e-03 9.83716e-01 1.47705e+00 2.95410e+00 nan nan
9.50000e-01 2.66113e-01 7.54295e-02 1.80556e-03 1.10254e-03 1.48846e-03 9.94181e-01 1.49276e+00 2.98553e+00 nan nan
9.60000e-01 2.61149e-01 7.26165e-02 1.65083e-03 1.21763e-03 1.37817e-03 1.00465e+00 1.50848e+00 3.01696e+00 nan nan
9.70000e-01 2.55113e-01 6.88834e-02 3.42142e-03 1.58191e-03 1.31974e-03 1.01511e+00 1.52419e+00 3.04838e+00 nan nan
9.80000e-01 2.49799e-01 6.58031e-02 2.36557e-03 1.85519e-03 1.79231e-03 1.02558e+00 1.53990e+00 3.07981e+00 nan nan
9.90000e-01 2.43970e-01 6.24136e-02 1.67777e-03 1.22444e-03 1.04240e-03 1.03604e+00 1.55562e+00 3.11124e+00 nan nan
1.00000e+00 2.39330e-01 5.97513e-02 1.84119e-03 1.52672e-03 1.29526e-03 1.04651e+00 1.57133e+00 3.14266e+00 nan nan
1.01000e+00 2.33021e-01 5.62685e-02 3.50104e-03 2.60952e-03 2.22145e-03 1.05697e+00 1.58704e+00 3.17409e+00 nan nan
1.02000e+00 2.28323e-01 5.39467e-02 2.43016e-03 2.25584e-03 2.18908e-03 1.06744e+00 1.60276e+00 3.20552e+00 nan nan
1.03000e+00 2.22705e-01 5.07504e-02 1.98406e-03 1.50138e-03 1.41048e-03 1.07790e+00 1.61847e+00 3.23694e+00 nan nan
1.04000e+00 2.18410e-01 4.90628e-02 4.03313e-03 2.78419e-03 2.13245e-03 1.08837e+00 1.63418e+00 3.26837e+00 nan nan
1.05000e+00 2.12909e-01 4.62444e-02 1.93125e-03 1.80733e-03 1.87388e-03 1.09883e+00 1.64990e+00 3.29980e+00 nan nan
1.06000e+00 2.07868e-01 4.38273e-02 1.89666e-03 1.14235e-03 1.51751e-03 1.10930e+00 1.66561e+00 3.33122e+00 nan nan
1.07000e+00 2.03203e-01 4.15673e-02 2.95758e-03 1.70819e-03 1.48708e-03 1.11976e+00 1.68132e+00 3.36265e+00 nan nan
1.08000e+00 1.97849e-01 3.89658e-02 2.53758e-03 1.46190e-03 1.20971e-03 1.13023e+00 1.69704e+00 3.39408e+00 nan nan
1.09000e+00 1.93126e-01 3.71525e-02 2.02061e-03 1.41953e-03 1.46349e-03 1.14069e+00 1.71275e+00 3.42550e+00 nan nan
1.10000e+00 1.88037e-01 3.47319e-02 2.03981e-03 1.36906e-03 1.16706e-03 1.15116e+00 1.72846e+00 3.45693e+00 nan nan
1.11000e+00 1.84467e-01 3.35278e-02 2.05699e-03 2.26563e-03 2.43344e-03 1.16162e+00 1.74418e+00 3.48836e+00 nan nan
1.12000e+00 1.79596e-01 3.16055e-02 1.96100e-03 1.37150e-03 1.22988e-03 1.17209e+00 1.75989e+00 3.51978e+00 nan nan
1.13000e+00 1.74960e-01 3.01397e-02 4.60920e-03 2.47080e-03 1.84635e-03 1.18255e+00 1.77560e+00 3.55121e+00 nan nan
1.14000e+00 1.71157e-01 2.84395e-02 3.14188e-03 1.93403e-03 1.70192e-03 1.19302e+00 1.79132e+00 3.58264e+00 nan nan
1.15000e+00 1.66171e-01 2.67489e-02 3.57024e-03 2.31134e-03 2.25944e-03 1.20348e+00 1.80703e+00 3.61406e+00 nan nan
1.16000e+00 1.62231e-01 2.53927e-02 2.75385e-03 1.64795e-03 1.53640e-03 1.21395e+00 1.82274e+00 3.64549e+00 nan nan
1.17000e+00 1.58970e-01 2.45967e-02 2.33793e-03 1.36886e-03 1.32220e-03 1.22441e+00 1.83846e+00 3.67692e+00 nan nan
1.18000e+00 1.54453e-01 2.26622e-02 2.25854e-03 1.65685e-03 1.37183e-03 1.23488e+00 1.85417e+00 3.70834e+00 nan nan
1.19000e+00 1.50336e-01 2.11978e-02 2.20492e-03 1.50639e-03 1.27225e-03 1.24534e+00 1.86988e+00 3.73977e+00 nan nan
1.20000e+00 1.45694e-01 1.95182e-02 2.49884e-03 2.13092e-03 1.86790e-03 1.25581e+00 1.88560e+00 3.77120e+00 nan nan
1.21000e+00 1.41947e-01 1.84898e-02 2.59444e-03 1.92197e-03 1.35734e-03 1.26627e+00 1.90131e+00 3.80262e+00 nan nan
1.22000e+00 1.39132e-01 1.81575e-02 2.13245e-03 1.77943e-03 1.88246e-03 1.27674e+00 1.91702e+00 3.83405e+00 nan nan
1.23000e+00 1.35131e-01 1.71162e-02 2.91650e-03 1.76722e-03 1.44624e-03 1.28720e+00 1.93274e+00 3.86548e+00 nan nan
1.24000e+00 1.31616e-01 1.57789e-02 2.15918e-03 1.48250e-03 1.50587e-03 1.29767e+00 1.94845e+00 3.89690e+00 nan nan
1.25000e+00 1.28040e-01 1.49150e-02 2.00841e-03 1.31214e-03 1.40498e-03 1.30813e+00 1.96416e+00 3.92833e+00 nan nan
1.26000e+00 1.24459e-01 1.40356e-02 2.83046e-03 2.11230e-03 2.03200e-03 1.31860e+00 1.97988e+00 3.95976e+00 nan nan
1.27000e+00 1.21599e-01 1.36167e-02 1.73302e-03 1.18216e-03 1.18811e-03 1.32906e+00 1.99559e+00 3.99118e+00 nan nan
1.28000e+00 1.17396e-01 1.23744e-02 1.83157e-03 1.35805e-03 1.25540e-03 1.33953e+00 2.01130e+00 4.02261e+00 nan nan
1.29000e+00 1.14075e-01 1.15053e-02 2.25142e-03 1.53141e-03 1.31642e-03 1.34999e+00 2.02702e+00 4.05404e+00 nan nan
1.30000e+00 1.10797e-01 1.09610e-02 1.79176e-03 1.58364e-03 1.40658e-03 1.36046e+00 2.04273e+00 4.08546e+00 nan nan
1.31000e+00 1.08588e-01 1.09255e-02 1.98936e-03 1.36625e-03 1.17475e-03 1.37092e+00 2.05844e+00 4.11689e+00 nan nan
1.32000e+00 1.04681e-01 9.72682e-03 1.92368e-03 1.25587e-03 1.18786e-03 1.38139e+00 2.07416e+00 4.14832e+00 nan nan
1.33000e+00 1.01643e-01 8.73399e-03 2.04768e-03 1.81529e-03 1.64070e-03 1.39185e+00 2.08987e+00 4.17974e+00 nan nan
1.34000e+00 9.86865e-02 8.11639e-03 1.45854e-03 1.16065e-03 1.37628e-03 1.40232e+00 2.10558e+00 4.21117e+00 nan nan
1.35000e+00 9.56918e-02 7.86592e-03 1.81312e-03 1.16924e-03 1.40403e-03 1.41278e+00 2.12130e+00 4.24260e+00 nan nan
1.36000e+00 9.32182e-02 7.88654e-03 2.61585e-03 1.99523e-03 1.99442e-03 1.42325e+00 2.13701e+00 4.27402e+00 nan nan
1.37000e+00 9.11959e-02 7.40391e-03 1.76937e-03 1.49798e-03 1.26066e-03 1.43371e+00 2.15272e+00 4.30545e+00 nan nan
1.38000e+00 8.81503e-02 6.85291e-03 2.06625e-03 1.66671e-03 1.43703e-03 1.44418e+00 2.16844e+00 4.33687e+00 nan nan
1.39000e+00 8.46767e-02 5.86110e-03 1.75133e-03 1.37111e-03 1.19930e-03 1.45464e+00 2.18415e+00 4.36830e+00 nan nan
1.40000e+00 8.23579e-02 6.35367e-03 2.27335e-03 1.38128e-03 1.19867e-03 1.46511e+00 2.19986e+00 4.39973e+00 nan nan
1.41000e+00 8.00360e-02 5.67540e-03 2.15154e-03 1.29067e-03 1.25029e-03 1.47557e+00 2.21558e+00 4.43115e+00 nan nan
1.42000e+00 7.74714e-02 5.81882e-03 2.23704e-03 1.81344e-03 1.44057e-03 1.48604e+00 2.23129e+00 4.46258e+00 nan nan
1.43000e+00 7.55927e-02 6.21496e-03 4.10043e-03 2.93547e-03 2.23459e-03 1.49650e+00 2.24700e+00 4.49401e+00 nan nan
1.44000e+00 7.36509e-02 6.42422e-03 2.69368e-03 1.50150e-03 1.44193e-03 1.50697e+00 2.26272e+00 4.52543e+00 nan nan
1.45000e+00 7.09552e-02 4.71147e-03 2.01887e-03 1.82325e-03 1.90199e-03 1.51743e+00 2.27843e+00 4.55686e+00 nan nan
1.46000e+00 6.88207e-02 4.67851e-03 1.70772e-03 1.07035e-03 1.26128e-03 1.52790e+00 2.29414e+00 4.58829e+00 nan nan
1.47000e+00 6.70279e-02 5.18408e-03 2.26057e-03 1.44587e-03 1.71926e-03 1.53836e+00 2.30986e+00 4.61971e+00 nan nan
1.48000e+00 6.47291e-02 6.36200e-03 3.73412e-03 1.89794e-03 1.49060e-03 1.54883e+00 2.32557e+00 4.65114e+00 nan nan
1.49000e+00 6.21482e-02 5.50649e-03 3.81350e-03 2.34436e-03 1.44117e-03 1.55930e+00 2.34128e+00 4.68257e+00 nan nan
1.50000e+00 6.03240e-02 3.79695e-03 1.86760e-03 1.55727e-03 1.19563e-03 1.56976e+00 2.35700e+00 4.71399e+00 nan nan
1.51000e+00 5.79873e-02 3.33035e-03 1.88574e-03 1.93104e-03 2.16400e-03 1.58023e+00 2.37271e+00 4.74542e+00 nan nan
1.52000e+00 5.63292e-02 3.16435e-03 1.68514e-03 1.27589e-03 1.35247e-03 1.59069e+00 2.38842e+00 4.77685e+00 nan nan
1.53000e+00 5.46918e-02 3.49808e-03 2.01791e-03 1.53683e-03 1.70051e-03 1.60116e+00 2.40414e+00 4.80827e+00 nan nan
1.54000e+00 5.29803e-02 3.24333e-03 2.19145e-03 1.65589e-03 1.62587e-03 1.61162e+00 2.41985e+00 4.83970e+00 nan nan
1.55000e+00 5.07433e-02 2.89470e-03 1.86978e-03 1.51694e-03 1.62267e-03 1.62209e+00 2.43556e+00 4.87113e+00 nan nan
1.56000e+00 4.94977e-02 4.89891e-03 2.34758e-03 1.36704e-03 1.42602e-03 1.63255e+00 2.45128e+00 4.90255e+00 nan nan
1.57000e+00 4.76985e-02 2.75582e-03 1.79335e-03 1.36477e-03 1.36220e-03 1.64302e+00 2.46699e+00 4.93398e+00 nan nan
1.58000e+00 4.62982e-02 3.45862e-03 2.12957e-03 1.47447e-03 1.04883e-03 1.65348e+00 2.48270e+00 4.96541e+00 nan nan
1.59000e+00 4.56251e-02 7.48283e-03 5.32213e-03 3.76925e-03 2.80547e-03 1.66395e+00 2.49842e+00 4.99683e+00 nan nan
1.60000e+00 4.37199e-02 2.76853e-03 2.10897e-03 1.75474e-03 1.38509e-03 1.67441e+00 2.51413e+00 nan nan nan
1.61000e+00 4.19274e-02 4.96250e-03 4.22328e-03 2.21475e-03 1.45260e-03 1.68488e+00 2.52984e+00 nan nan nan
1.62000e+00 4.04759e-02 2.76099e-03 1.98855e-03 1.35382e-03 1.27276e-03 1.69534e+00 2.54556e+00 nan nan nan
1.63000e+00 3.88325e-02 2.83116e-03 2.99460e-03 2.34570e-03 2.01381e-03 1.70581e+00 2.56127e+00 nan nan nan
1.64000e+00 3.79919e-02 4.14989e-03 2.24796e-03 1.26924e-03 1.46912e-03 1.71627e+00 2.57698e+00 nan nan nan
1.65000e+00 3.70033e-02 4.45327e-03 3.07553e-03 1.58284e-03 1.46723e-03 1.72674e+00 2.59270e+00 nan nan nan
1.66000e+00 3.52652e-02 2.38832e-03 1.67756e-03 1.24666e-03 1.20961e-03 1.73720e+00 2.60841e+00 nan nan nan
1.67000e+00 3.40601e-02 5.86234e-03 2.83207e-03 1.21129e-03 1.05321e-03 1.74767e+00 2.62412e+00 nan nan nan
1.68000e+00 3.30271e-02 2.79644e-03 2.32756e-03 1.91403e-03 1.51715e-03 1.75813e+00 2.63984e+00 nan nan nan
1.69000e+00 3.18254e-02 2.54916e-03 1.50000e-03 1.46467e-03 1.56408e-03 1.76860e+00 2.65555e+00 nan nan nan
1.70000e+00 3.10472e-02 3.26520e-03 2.73849e-03 2.40173e-03 2.00760e-03 1.77906e+00 2.67126e+00 nan nan nan
1.71000e+00 2.99498e-02 2.43342e-03 1.49142e-03 1.31916e-03 1.26893e-03 1.78953e+00 2.68698e+00 nan nan nan
1.72000e+00 2.87059e-02 2.81572e-03 1.99623e-03 1.34166e-03 1.23678e-03 1.79999e+00 2.70269e+00 nan nan nan
1.73000e+00 2.79523e-02 2.97946e-03 1.90814e-03 1.25346e-03 1.33196e-03 1.81046e+00 2.71840e+00 nan nan nan
1.74000e+00 2.67619e-02 2.44454e-03 1.65951e-03 1.63343e-03 1.84712e-03 1.82092e+00 2.73412e+00 nan nan nan
1.75000e+00 2.59459e-02 4.57417e-03 3.43027e-03 1.86403e-03 1.43982e-03 1.83139e+00 2.74983e+00 nan nan nan
1.76000e+00 2.54385e-02 2.48441e-03 1.94076e-03 1.24194e-03 1.19735e-03 1.84185e+00 2.76554e+00 nan nan nan
1.77000e+00 2.38834e-02 3.35809e-03 1.88822e-03 1.29151e-03 1.24140e-03 1.85232e+00 2.78126e+00 nan nan nan
1.78000e+00 2.36740e-02 4.45347e-03 3.19377e-03 2.50866e-03 2.18547e-03 1.86278e+00 2.79697e+00 nan nan nan
1.79000e+00 2.34616e-02 4.30538e-03 2.82493e-03 1.89063e-03 1.56951e-03 1.87325e+00 2.81268e+00 nan nan nan
1.80000e+00 2.20021e-02 2.83715e-03 1.95655e-03 1.57939e-03 1.50975e-03 1.88371e+00 2.82840e+00 nan nan nan
1.81000e+00 2.11809e-02 2.94640e-03 1.95061e-03 1.22829e-03 1.15303e-03 1.89418e+00 2.84411e+00 nan nan nan
1.82000e+00 2.07049e-02 3.03615e-03 2.11373e-03 1.95182e-03 2.06460e-03 1.90464e+00 2.85982e+00 nan nan nan
1.83000e+00 2.01816e-02 2.66162e-03 2.13206e-03 2.14352e-03 2.07980e-03 1.91511e+00 2.87554e+00 nan nan nan
1.84000e+00 1.98212e-02 3.23775e-03 2.08304e-03 1.57414e-03 1.52860e-03 1.92557e+00 2.89125e+00 nan nan nan
1.85000e+00 1.79778e-02 2.58028e-03 1.68832e-03 1.15459e-03 1.28056e-03 1.93604e+00 2.90696e+00 nan nan nan
1.86000e+00 1.81392e-02 3.33770e-03 2.28989e-03 1.61546e-03 1.50145e-03 1.94650e+00 2.92268e+00 nan nan nan
1.87000e+00 1.77890e-02 2.77287e-03 1.93036e-03 1.51856e-03 1.40775e-03 1.95697e+00 2.93839e+00 nan nan nan
1.88000e+00 1.71034e-02 2.48470e-03 1.66433e-03 1.14134e-03 1.06919e-03 1.96743e+00 2.95410e+00 nan nan nan
1.89000e+00 1.71151e-02 3.70550e-03 2.18128e-03 1.26543e-03 1.02635e-03 1.97790e+00 2.96982e+00 nan nan nan
1.90000e+00 1.71252e-02 5.44971e-03 3.39630e-03 1.50202e-03 1.07984e-03 1.98836e+00 2.98553e+00 nan nan nan
1.91000e+00 1.65648e-02 3.83294e-03 2.45794e-03 1.84156e-03 1.62827e-03 1.99883e+00 3.00124e+00 nan nan nan
1.92000e+00 1.54277e-02 2.52865e-03 1.80009e-03 1.29513e-03 1.17022e-03 2.00929e+00 3.01696e+00 nan nan nan
1.93000e+00 1.40470e-02 2.87799e-03 2.02246e-03 1.41714e-03 1.33768e-03 2.01976e+00 3.03267e+00 nan nan nan
1.94000e+00 1.53524e-02 3.02885e-03 2.14968e-03 1.44200e-03 1.36526e-03 2.03022e+00 3.04838e+00 nan nan nan
1.95000e+00 1.41413e-02 2.43302e-03 2.14487e-03 1.54038e-03 1.28893e-03 2.04069e+00 3.06410e+00 nan nan nan
1.96000e+00 1.32526e-02 2.40788e-03 2.01782e-03 1.88794e-03 1.67925e-03 2.05115e+00 3.07981e+00 nan nan nan
1.97000e+00 1.48130e-02 4.98429e-03 3.96006e-03 3.01343e-03 2.15063e-03 2.06162e+00 3.09552e+00 nan nan nan
1.98000e+00 1.30472e-02 2.69557e-03 1.81476e-03 1.22766e-03 1.01187e-03 2.07208e+00 3.11124e+00 nan nan nan
1.99000e+00 1.32276e-02 3.57333e-03 3.03016e-03 2.47864e-03 2.14137e-03 2.08255e+00 3.12695e+00 nan nan nan
2.00000e+00 1.26338e-02 2.97976e-03 1.89337e-03 1.23253e-03 1.21991e-03 2.09301e+00 3.14266e+00 nan nan nan
2.01000e+00 1.24211e-02 2.57226e-03 2.58418e-03 2.27696e-03 1.90551e-03 2.10348e+00 3.15838e+00 nan nan nan
2.02000e+00 1.25837e-02 4.31897e-03 3.23139e-03 2.67963e-03 2.38376e-03 2.11394e+00 3.17409e+00 nan nan nan
2.03000e+00 1.24782e-02 2.96310e-03 2.37690e-03 1.63275e-03 1.43492e-03 2.12441e+00 3.18980e+00 nan nan nan
2.04000e+00 1.30071e-02 4.51938e-03 2.89120e-03 2.35824e-03 1.88053e-03 2.13487e+00 3.20552e+00 nan nan nan
2.05000e+00 1.12850e-02 2.58823e-03 1.81095e-03 1.63195e-03 1.72109e-03 2.14534e+00 3.22123e+00 nan nan nan
2.06000e+00 1.35690e-02 6.28480e-03 4.17261e-03 1.82932e-03 1.27598e-03 2.15580e+00 3.23694e+00 nan nan nan
2.07000e+00 1.12742e-02 2.75333e-03 1.97349e-03 1.28570e-03 1.23297e-03 2.16627e+00 3.25266e+00 nan nan nan
2.08000e+00 1.13204e-02 2.32047e-03 1.63833e-03 1.32089e-03 1.27024e-03 2.17673e+00 3.26837e+00 nan nan nan
2.09000e+00 1.09682e-02 2.96743e-03 2.71226e-03 2.49086e-03 1.81826e-03 2.18720e+00 3.28408e+00 nan nan nan
2.10000e+00 1.08579e-02 2.54839e-03 1.79367e-03 1.37218e-03 1.20608e-03 2.19766e+00 3.29980e+00 nan nan nan
2.11000e+00 1.09705e-02 2.53812e-03 1.60789e-03 1.40710e-03 1.53362e-03 2.20813e+00 3.31551e+00 nan nan nan
2.12000e+00 1.07873e-02 3.04437e-03 1.86672e-03 1.27873e-03 1.24937e-03 2.21859e+00 3.33122e+00 nan nan nan
2.13000e+00 1.02466e-02 3.05533e-03 2.38536e-03 1.82139e-03 1.72913e-03 2.22906e+00 3.34694e+00 nan nan nan
2.14000e+00 1.05305e-02 4.03055e-03 2.48384e-03 1.33508e-03 1.18964e-03 2.23952e+00 3.36265e+00 nan nan nan
2.15000e+00 1.09355e-02 3.22585e-03 2.16490e-03 1.32873e-03 1.29282e-03 2.24999e+00 3.37836e+00 nan nan nan
2.16000e+00 9.54385e-03 2.63814e-03 2.26956e-03 1.57489e-03 1.34800e-03 2.26045e+00 3.39408e+00 nan nan nan
2.17000e+00 1.04502e-02 3.34917e-03 2.58223e-03 1.90891e-03 1.54226e-03 2.27092e+00 3.40979e+00 nan nan nan
2.18000e+00 1.08984e-02 6.12910e-03 4.90450e-03 3.20729e-03 2.51766e-03 2.28138e+00 3.42550e+00 nan nan nan
2.19000e+00 1.10717e-02 4.70089e-03 2.09745e-03 1.34113e-03 1.16171e-03 2.29185e+00 3.44122e+00 nan nan nan
2.20000e+00 1.06609e-02 4.62886e-03 3.82650e-03 2.39902e-03 1.68304e-03 2.30231e+00 3.45693e+00 nan nan nan
2.21000e+00 1.01092e-02 3.26228e-03 2.02101e-03 1.27388e-03 1.08558e-03 2.31278e+00 3.47264e+00 nan nan nan
2.22000e+00 1.03908e-02 4.03284e-03 3.27214e-03 1.83426e-03 1.44860e-03 2.32325e+00 3.48836e+00 nan nan nan
2.23000e+00 9.27386e-03 2.81618e-03 2.40013e-03 2.10693e-03 2.17445e-03 2.33371e+00 3.50407e+00 nan nan nan
2.24000e+00 1.01001e-02 3.60323e-03 3.72630e-03 3.20743e-03 2.63262e-03 2.34418e+00 3.51978e+00 nan nan nan
2.25000e+00 9.82113e-03 2.48791e-03 1.80948e-03 1.29396e-03 1.30409e-03 2.35464e+00 3.53550e+00 nan nan nan
2.26000e+00 9.75462e-03 2.40783e-03 2.13023e-03 1.44672e-03 1.23686e-03 2.36511e+00 3.55121e+00 nan nan nan
2.27000e+00 9.94381e-03 3.62689e-03 2.11409e-03 1.35941e-03 1.32855e-03 2.37557e+00 3.56692e+00 nan nan nan
2.28000e+00 1.08621e-02 5.18191e-03 2.97644e-03 1.62558e-03 1.12046e-03 2.38604e+00 3.58264e+00 nan nan nan
2.29000e+00 1.00913e-02 3.95615e-03 2.38453e-03 1.44169e-03 1.10561e-03 2.39650e+00 3.59835e+00 nan nan nan
2.30000e+00 1.00460e-02 3.51770e-03 3.70955e-03 2.59470e-03 2.28424e-03 2.40697e+00 3.61406e+00 nan nan nan
2.31000e+00 9.93473e-03 3.75845e-03 2.98059e-03 1.40283e-03 1.14141e-03 2.41743e+00 3.62978e+00 nan nan nan
2.32000e+00 1.00903e-02 2.66031e-03 1.46694e-03 1.12486e-03 1.02613e-03 2.42790e+00 3.64549e+00 nan nan nan
2.33000e+00 9.82110e-03 2.65377e-03 1.87759e-03 1.26026e-03 1.27794e-03 2.43836e+00 3.66120e+00 nan nan nan
2.34000e+00 9.77970e-03 3.19622e-03 1.98702e-03 1.41212e-03 1.22331e-03 2.44883e+00 3.67692e+00 nan nan nan
2.35000e+00 9.12592e-03 2.38766e-03 1.66045e-03 1.27383e-03 1.28442e-03 2.45929e+00 3.69263e+00 nan nan nan
2.36000e+00 9.76909e-03 2.98072e-03 2.20967e-03 1.64916e-03 1.37323e-03 2.46976e+00 3.70834e+00 nan nan nan
2.37000e+00 9.43295e-03 2.48500e-03 1.70947e-03 1.18504e-03 1.06389e-03 2.48022e+00 3.72406e+00 nan nan nan
2.38000e+00 1.07774e-02 4.86312e-03 3.56013e-03 1.85057e-03 1.10972e-03 2.49069e+00 3.73977e+00 nan nan nan
2.39000e+00 9.12455e-03 2.36734e-03 2.67563e-03 2.03083e-03 1.27793e-03 2.50115e+00 3.75548e+00 nan nan nan
2.40000e+00 9.83449e-03 3.66411e-03 2.42845e-03 1.65512e-03 1.35629e-03 2.51162e+00 3.77120e+00 nan nan nan
2.41000e+00 9.60851e-03 4.01842e-03 2.95066e-03 2.10497e-03 1.69952e-03 2.52208e+00 3.78691e+00 nan nan nan
2.42000e+00 1.02858e-02 4.67794e-03 3.39609e-03 2.02481e-03 1.59323e-03 2.53255e+00 3.80262e+00 nan nan nan
2.43000e+00 9.42578e-03 3.48964e-03 2.43938e-03 2.08754e-03 1.76179e-03 2.54301e+00 3.81834e+00 nan nan nan
2.44000e+00 9.17387e-03 2.17964e-03 1.61467e-03 1.44458e-03 1.30758e-03 2.55348e+00 3.83405e+00 nan nan nan
2.45000e+00 9.51635e-03 3.59335e-03 2.45795e-03 1.31527e-03 1.21231e-03 2.56394e+00 3.84976e+00 nan nan nan
2.46000e+00 9.44020e-03 3.65150e-03 1.84907e-03 1.32771e-03 1.18270e-03 2.57441e+00 3.86548e+00 nan nan nan
2.47000e+00 9.30889e-03 2.55311e-03 1.67371e-03 1.25816e-03 1.09355e-03 2.58487e+00 3.88119e+00 nan nan nan
2.48000e+00 9.99141e-03 3.59602e-03 1.84004e-03 9.99969e-04 8.90856e-04 2.59534e+00 3.89690e+00 nan nan nan
2.49000e+00 8.68436e-03 2.62411e-03 1.61103e-03 9.88719e-04 9.11729e-04 2.60580e+00 3.91262e+00 nan nan nan
2.50000e+00 9.27660e-03 2.54958e-03 1.81696e-03 1.26379e-03 1.08759e-03 2.61627e+00 3.92833e+00 nan nan nan
2.51000e+00 9.11662e-03 2.72781e-03 1.86595e-03 1.42384e-03 1.25280e-03 2.62673e+00 3.94404e+00 nan nan nan
2.52000e+00 8.86589e-03 3.17577e-03 2.28704e-03 1.21372e-03 1.19902e-03 2.63720e+00 3.95976e+00 nan nan nan
2.53000e+00 8.64093e-03 2.71155e-03 1.95871e-03 1.15853e-03 1.23882e-03 2.64766e+00 3.97547e+00 nan nan nan
2.54000e+00 9.69588e-03 2.95250e-03 1.92914e-03 1.62044e-03 1.54339e-03 2.65813e+00 3.99118e+00 nan nan nan
2.55000e+00 9.31593e-03 2.90121e-03 1.84311e-03 1.33994e-03 1.37369e-03 2.66859e+00 4.00690e+00 nan nan nan
2.56000e+00 9.10928e-03 2.22998e-03 2.23125e-03 1.89232e-03 1.64927e-03 2.67906e+00 4.02261e+00 nan nan nan
2.57000e+00 9.47575e-03 4.35645e-03 3.56828e-03 2.07403e-03 1.61081e-03 2.68952e+00 4.03832e+00 nan nan nan
2.58000e+00 9.02782e-03 3.60466e-03 2.27935e-03 1.60995e-03 1.38323e-03 2.69999e+00 4.05404e+00 nan nan nan
2.59000e+00 9.16865e-03 2.30453e-03 1.73563e-03 1.33083e-03 1.07713e-03 2.71045e+00 4.06975e+00 nan nan nan
2.60000e+00 9.58606e-03 3.43392e-03 2.21684e-03 1.35096e-03 1.16262e-03 2.72092e+00 4.08546e+00 nan nan nan
2.61000e+00 9.63087e-03 3.00147e-03 2.10598e-03 1.33417e-03 1.10071e-03 2.73138e+00 4.10118e+00 nan nan nan
2.62000e+00 9.46527e-03 3.19295e-03 3.21556e-03 2.49432e-03 2.02781e-03 2.74185e+00 4.11689e+00 nan nan nan
2.63000e+00 9.94074e-03 2.56870e-03 1.86177e-03 1.33322e-03 1.32194e-03 2.75231e+00 4.13260e+00 nan nan nan
2.64000e+00 9.80687e-03 4.78984e-03 4.08440e-03 2.53766e-03 2.00918e-03 2.76278e+00 4.14832e+00 nan nan nan
2.65000e+00 1.05826e-02 5.16713e-03 3.10175e-03 1.73154e-03 1.33240e-03 2.77324e+00 4.16403e+00 nan nan nan
2.66000e+00 1.06954e-02 5.08782e-03 3.64390e-03 1.95501e-03 1.43078e-03 2.78371e+00 4.17974e+00 nan nan nan
2.67000e+00 1.01082e-02 4.40585e-03 3.53527e-03 2.09758e-03 1.52571e-03 2.79417e+00 4.19546e+00 nan nan nan
2.68000e+00 9.22284e-03 2.93658e-03 2.06631e-03 1.29271e-03 1.09973e-03 2.80464e+00 4.21117e+00 nan nan nan
2.69000e+00 1.00614e-02 4.27072e-03 2.48130e-03 1.54684e-03 1.22303e-03 2.81510e+00 4.22688e+00 nan nan nan
2.70000e+00 9.78036e-03 3.63982e-03 2.29319e-03 1.23631e-03 1.01389e-03 2.82557e+00 4.24260e+00 nan nan nan
2.71000e+00 9.19561e-03 2.99978e-03 2.00210e-03 1.48287e-03 1.39357e-03 2.83603e+00 4.25831e+00 nan nan nan
2.72000e+00 1.06045e-02 5.33586e-03 3.17373e-03 1.50727e-03 1.12452e-03 2.84650e+00 4.27402e+00 nan nan nan
2.73000e+00 9.64074e-03 3.31950e-03 2.30637e-03 2.02117e-03 2.06446e-03 2.85696e+00 4.28974e+00 nan nan nan
2.74000e+00 9.46231e-03 3.48125e-03 2.62610e-03 1.37784e-03 1.25162e-03 2.86743e+00 4.30545e+00 nan nan nan
2.75000e+00 9.72382e-03 3.85107e-03 3.71993e-03 3.02422e-03 2.65935e-03 2.87789e+00 4.32116e+00 nan nan nan
2.76000e+00 1.02696e-02 4.75392e-03 3.98648e-03 2.52527e-03 1.62051e-03 2.88836e+00 4.33687e+00 nan nan nan
2.77000e+00 9.82416e-03 3.25599e-03 2.67671e-03 2.05485e-03 1.69600e-03 2.89882e+00 4.35259e+00 nan nan nan
2.78000e+00 1.03560e-02 3.49382e-03 2.06076e-03 1.31990e-03 1.13130e-03 2.90929e+00 4.36830e+00 nan nan nan
2.79000e+00 9.85935e-03 3.15626e-03 1.87959e-03 1.60524e-03 1.23806e-03 2.91975e+00 4.38401e+00 nan nan nan
2.80000e+00 9.21168e-03 3.95515e-03 3.64913e-03 2.52202e-03 2.11650e-03 2.93022e+00 4.39973e+00 nan nan nan
2.81000e+00 1.00822e-02 3.10532e-03 1.80312e-03 1.29535e-03 1.20925e-03 2.94068e+00 4.41544e+00 nan nan nan
2.82000e+00 8.54722e-03 2.51767e-03 1.88686e-03 1.46985e-03 1.76012e-03 2.95115e+00 4.43115e+00 nan nan nan
2.83000e+00 9.50013e-03 3.17444e-03 1.96509e-03 1.79452e-03 1.91391e-03 2.96161e+00 4.44687e+00 nan nan nan
2.84000e+00 9.12587e-03 2.37640e-03 1.76215e-03 1.36965e-03 1.56943e-03 2.97208e+00 4.46258e+00 nan nan nan
2.85000e+00 9.49656e-03 4.45218e-03 3.11246e-03 1.57280e-03 1.27935e-03 2.98254e+00 4.47829e+00 nan nan nan
2.86000e+00 9.18828e-03 2.87222e-03 2.00637e-03 1.33491e-03 1.23221e-03 2.99301e+00 4.49401e+00 nan nan nan
2.87000e+00 1.04750e-02 3.65710e-03 2.49488e-03 1.82591e-03 1.57437e-03 3.00347e+00 4.50972e+00 nan nan nan
2.88000e+00 9.28709e-03 3.40963e-03 1.87164e-03 1.25415e-03 1.15379e-03 3.01394e+00 4.52543e+00 nan nan nan
2.89000e+00 9.32817e-03 2.65706e-03 1.81885e-03 1.32449e-03 1.12874e-03 3.02440e+00 4.54115e+00 nan nan nan
2.90000e+00 9.47468e-03 2.53629e-03 1.72396e-03 1.10719e-03 9.22364e-04 3.03487e+00 4.55686e+00 nan nan nan
2.91000e+00 9.19625e-03 2.70989e-03 2.14395e-03 1.57666e-03 1.20946e-03 3.04533e+00 4.57257e+00 nan nan nan
2.92000e+00 8.92044e-03 3.52959e-03 2.45511e-03 1.63726e-03 1.45068e-03 3.05580e+00 4.58829e+00 nan nan nan
2.93000e+00 9.68146e-03 3.18001e-03 1.92218e-03 1.25477e-03 1.10296e-03 3.06626e+00 4.60400e+00 nan nan nan
2.94000e+00 9.62450e-03 4.41237e-03 2.48837e-03 1.31529e-03 1.27805e-03 3.07673e+00 4.61971e+00 nan nan nan
2.95000e+00 9.09653e-03 2.30833e-03 1.82643e-03 1.38085e-03 1.34550e-03 3.08720e+00 4.63543e+00 nan nan nan
2.96000e+00 9.47581e-03 3.28149e-03 1.87672e-03 1.23577e-03 1.17708e-03 3.09766e+00 4.65114e+00 nan nan nan
2.97000e+00 9.29084e-03 2.37396e-03 1.66837e-03 1.22090e-03 1.07801e-03 3.10813e+00 4.66685e+00 nan nan nan
2.98000e+00 9.39279e-03 3.83209e-03 2.59235e-03 1.61213e-03 1.17673e-03 3.11859e+00 4.68257e+00 nan nan nan
2.99000e+00 9.42651e-03 2.78759e-03 1.90008e-03 2.04372e-03 1.71265e-03 3.12906e+00 4.69828e+00 nan nan nan
3.00000e+00 9.13711e-03 2.42239e-03 1.84707e-03 1.59070e-03 1.28259e-03 3.13952e+00 4.71399e+00 nan nan nan
