time displacement-al displacement-ftsm temperature
0.00000e+00 -1.42752e-02 -1.06156e+00 1.04686e+01
1.50000e-02 5.77759e-03 -8.65939e-01 1.04852e+01
3.00000e-02 -5.72675e-03 -6.65614e-01 1.05023e+01
4.50000e-02 -1.84862e-03 -4.63895e-01 1.05197e+01
6.00000e-02 -2.61715e-03 -2.58840e-01 1.05375e+01
7.50000e-02 9.23008e-03 -5.24393e-02 1.05558e+01
9.00000e-02 -6.19969e-03 1.53823e-01 1.05744e+01
1.05000e-01 -9.07282e-03 3.60013e-01 1.05935e+01
1.20000e-01 9.90402e-03 5.65362e-01 1.06129e+01
1.35000e-01 6.65254e-03 7.68644e-01 1.06327e+01
1.50000e-01 9.92767e-03 9.70677e-01 1.06529e+01
1.65000e-01 5.28100e-03 1.16969e+00 1.06734e+01
1.80000e-01 4.70165e-03 1.36538e+00 1.06944e+01
1.95000e-01 2.26617e-02 1.55715e+00 1.07157e+01
2.10000e-01 4.68805e-04 1.74354e+00 1.07373e+01
2.25000e-01 1.08381e-02 1.92414e+00 1.07593e+01
2.40000e-01 -1.37431e-02 2.09899e+00 1.07816e+01
2.55000e-01 1.58158e-02 2.26690e+00 1.08043e+01
2.70000e-01 3.48399e-02 2.42735e+00 1.08273e+01
2.85000e-01 8.55613e-03 2.58038e+00 1.08506e+01
3.00000e-01 -1.16031e-02 2.72467e+00 1.08742e+01
3.15000e-01 1.42551e-02 2.85976e+00 1.08982e+01
3.30000e-01 9.73849e-03 2.98506e+00 1.09224e+01
3.45000e-01 9.50202e-03 3.10106e+00 1.09470e+01
3.60000e-01 1.28836e-02 3.20638e+00 1.09719e+01
3.75000e-01 1.06726e-02 3.30089e+00 1.09970e+01
3.90000e-01 9.77396e-03 3.38425e+00 1.10224e+01
4.05000e-01 9.01725e-03 3.45660e+00 1.10481e+01
4.20000e-01 2.30873e-02 3.51717e+00 1.10741e+01
4.35000e-01 2.87863e-02 3.56566e+00 1.11003e+01
4.50000e-01 2.61733e-02 3.60275e+00 1.11268e+01
4.65000e-01 3.38349e-02 3.62708e+00 1.11536e+01
4.80000e-01 2.48136e-02 3.63991e+00 1.11806e+01
4.95000e-01 2.77694e-02 3.64027e+00 1.12078e+01
5.10000e-01 1.97885e-02 3.62885e+00 1.12353e+01
5.25000e-01 2.54638e-02 3.60714e+00 1.12630e+01
5.40000e-01 9.36014e-03 3.57496e+00 1.12909e+01
5.55000e-01 1.76012e-02 3.53209e+00 1.13191e+01
5.70000e-01 4.41451e-02 3.47820e+00 1.13474e+01
5.85000e-01 1.83579e-02 3.41348e+00 1.13760e+01
6.00000e-01 2.56767e-02 3.33812e+00 1.14048e+01
6.15000e-01 4.62379e-02 3.25139e+00 1.14337e+01
6.30000e-01 3.66253e-02 3.15415e+00 1.14629e+01
6.45000e-01 4.10946e-02 3.04633e+00 1.14922e+01
6.60000e-01 4.09173e-02 2.92769e+00 1.15217e+01
6.75000e-01 4.27026e-02 2.79946e+00 1.15514e+01
6.90000e-01 1.34984e-02 2.66174e+00 1.15812e+01
7.05000e-01 2.15148e-02 2.51442e+00 1.16112e+01
7.20000e-01 4.05034e-02 2.35832e+00 1.16414e+01
7.35000e-01 3.19195e-02 2.19427e+00 1.16717e+01
7.50000e-01 4.29391e-02 2.02305e+00 1.17021e+01
7.65000e-01 4.28327e-02 1.84509e+00 1.17327e+01
7.80000e-01 5.27172e-02 1.66111e+00 1.17634e+01
7.95000e-01 3.41778e-02 1.47153e+00 1.17942e+01
8.10000e-01 4.71956e-02 1.27715e+00 1.18251e+01
8.25000e-01 5.78368e-02 1.07828e+00 1.18562e+01
8.40000e-01 6.11356e-02 8.77217e-01 1.18873e+01
8.55000e-01 5.44434e-02 6.73332e-01 1.19186e+01
8.70000e-01 5.25044e-02 4.66901e-01 1.19500e+01
8.85000e-01 5.19368e-02 2.60139e-01 1.19814e+01
9.00000e-01 4.03497e-02 5.26685e-02 1.20129e+01
9.15000e-01 4.78104e-02 -1.54530e-01 1.20445e+01
9.30000e-01 4.77749e-02 -3.60162e-01 1.20762e+01
9.45000e-01 5.96103e-02 -5.64431e-01 1.21079e+01
9.60000e-01 5.16294e-02 -7.65402e-01 1.21397e+01
9.75000e-01 6.43634e-02 -9.64183e-01 1.21715e+01
9.90000e-01 4.36840e-02 -1.15919e+00 1.22034e+01
1.00500e+00 5.82152e-02 -1.35028e+00 1.22354e+01
1.02000e+00 5.61815e-02 -1.53683e+00 1.22673e+01
1.03500e+00 5.92556e-02 -1.71652e+00 1.22993e+01
1.05000e+00 6.57113e-02 -1.89014e+00 1.23313e+01
1.06500e+00 6.35476e-02 -2.05775e+00 1.23633e+01
1.08000e+00 7.37750e-02 -2.21776e+00 1.23954e+01
1.09500e+00 6.03079e-02 -2.37065e+00 1.24274e+01
1.11000e+00 7.61870e-02 -2.51601e+00 1.24595e+01
1.12500e+00 8.19805e-02 -2.65222e+00 1.24915e+01
1.14000e+00 6.63498e-02 -2.78032e+00 1.25235e+01
1.15500e+00 7.39050e-02 -2.89967e+00 1.25555e+01
1.17000e+00 6.58532e-02 -3.00925e+00 1.25875e+01
1.18500e+00 6.91993e-02 -3.10882e+00 1.26195e+01
1.20000e+00 7.34794e-02 -3.19882e+00 1.26514e+01
1.21500e+00 9.43835e-02 -3.27943e+00 1.26832e+01
1.23000e+00 7.57850e-02 -3.34891e+00 1.27151e+01
1.24500e+00 8.02425e-02 -3.40796e+00 1.27468e+01
1.26000e+00 7.10674e-02 -3.45653e+00 1.27785e+01
1.27500e+00 9.99051e-02 -3.49376e+00 1.28102e+01
1.29000e+00 7.90956e-02 -3.52103e+00 1.28417e+01
1.30500e+00 8.12830e-02 -3.53682e+00 1.28732e+01
1.32000e+00 6.94121e-02 -3.54233e+00 1.29046e+01
1.33500e+00 9.18769e-02 -3.53664e+00 1.29359e+01
1.35000e+00 8.94058e-02 -3.52104e+00 1.29672e+01
1.36500e+00 9.02334e-02 -3.49621e+00 1.29983e+01
1.38000e+00 9.85572e-02 -3.46152e+00 1.30293e+01
1.39500e+00 1.20987e-01 -3.41713e+00 1.30602e+01
1.41000e+00 1.01017e-01 -3.36270e+00 1.30910e+01
1.42500e+00 9.26691e-02 -3.29864e+00 1.31216e+01
1.44000e+00 9.16759e-02 -3.22466e+00 1.31521e+01
1.45500e+00 1.15973e-01 -3.14066e+00 1.31825e+01
1.47000e+00 1.00106e-01 -3.04695e+00 1.32128e+01
1.48500e+00 1.04185e-01 -2.94314e+00 1.32428e+01
1.50000e+00 1.03925e-01 -2.83019e+00 1.32728e+01
1.51500e+00 9.56131e-02 -2.70787e+00 1.33026e+01
1.53000e+00 1.09411e-01 -2.57632e+00 1.33322e+01
1.54500e+00 1.09529e-01 -2.43551e+00 1.33616e+01
1.56000e+00 1.20431e-01 -2.28764e+00 1.33908e+01
1.57500e+00 1.08229e-01 -2.13156e+00 1.34199e+01
1.59000e+00 7.25926e-02 -1.96790e+00 1.34488e+01
1.60500e+00 1.07969e-01 -1.79756e+00 1.34775e+01
1.62000e+00 1.24640e-01 -1.62124e+00 1.35060e+01
1.63500e+00 1.03606e-01 -1.43818e+00 1.35342e+01
1.65000e+00 1.47649e-01 -1.25076e+00 1.35623e+01
1.66500e+00 1.28447e-01 -1.05747e+00 1.35901e+01
1.68000e+00 1.23044e-01 -8.61046e-01 1.36177e+01
1.69500e+00 1.32869e-01 -6.61921e-01 1.36451e+01
1.71000e+00 1.32893e-01 -4.59341e-01 1.36723e+01
1.72500e+00 1.33520e-01 -2.54743e-01 1.36992e+01
1.74000e+00 1.01017e-01 -4.82939e-02 1.37258e+01
1.75500e+00 1.32692e-01 1.58005e-01 1.37522e+01
1.77000e+00 1.42896e-01 3.63465e-01 1.37783e+01
1.78500e+00 1.29760e-01 5.69067e-01 1.38042e+01
1.80000e+00 1.32597e-01 7.72721e-01 1.38298e+01
1.81500e+00 1.42576e-01 9.74282e-01 1.38551e+01
1.83000e+00 1.36452e-01 1.17353e+00 1.38802e+01
1.84500e+00 1.35660e-01 1.36895e+00 1.39049e+01
1.86000e+00 1.43357e-01 1.56057e+00 1.39294e+01
1.87500e+00 1.47992e-01 1.74706e+00 1.39537e+01
1.89000e+00 1.39479e-01 1.92760e+00 1.39777e+01
1.90500e+00 1.75919e-01 2.10245e+00 1.40014e+01
1.92000e+00 1.47377e-01 2.27010e+00 1.40249e+01
1.93500e+00 1.28873e-01 2.43070e+00 1.40481e+01
1.95000e+00 1.37894e-01 2.58327e+00 1.40710e+01
1.96500e+00 1.74134e-01 2.72713e+00 1.40938e+01
1.98000e+00 1.44929e-01 2.86222e+00 1.41162e+01
1.99500e+00 1.65762e-01 2.98754e+00 1.41385e+01
2.01000e+00 1.67264e-01 3.10310e+00 1.41605e+01
2.02500e+00 1.72277e-01 3.20800e+00 1.41822e+01
2.04000e+00 1.62038e-01 3.30253e+00 1.42038e+01
2.05500e+00 1.62795e-01 3.38553e+00 1.42250e+01
2.07000e+00 1.74003e-01 3.45782e+00 1.42461e+01
2.08500e+00 1.78780e-01 3.51808e+00 1.42669e+01
2.10000e+00 1.50392e-01 3.56648e+00 1.42876e+01
2.11500e+00 1.84940e-01 3.60303e+00 1.43080e+01
2.13000e+00 1.71934e-01 3.62740e+00 1.43281e+01
2.14500e+00 1.92909e-01 3.63964e+00 1.43481e+01
2.16000e+00 1.83486e-01 3.63999e+00 1.43679e+01
2.17500e+00 1.70267e-01 3.62857e+00 1.43874e+01
2.19000e+00 1.85330e-01 3.60700e+00 1.44067e+01
2.20500e+00 1.52827e-01 3.57416e+00 1.44259e+01
2.22000e+00 1.94541e-01 3.53088e+00 1.44448e+01
2.23500e+00 1.72774e-01 3.47740e+00 1.44635e+01
2.25000e+00 1.71591e-01 3.41231e+00 1.44821e+01
2.26500e+00 2.25389e-01 3.33671e+00 1.45004e+01
2.28000e+00 1.91644e-01 3.24986e+00 1.45186e+01
2.29500e+00 2.09805e-01 3.15247e+00 1.45365e+01
2.31000e+00 2.09119e-01 3.04413e+00 1.45543e+01
2.32500e+00 1.91762e-01 2.92578e+00 1.45719e+01
2.34000e+00 2.26110e-01 2.79710e+00 1.45893e+01
2.35500e+00 2.33003e-01 2.65899e+00 1.46066e+01
2.37000e+00 2.18578e-01 2.51171e+00 1.46236e+01
2.38500e+00 1.74134e-01 2.35542e+00 1.46405e+01
2.40000e+00 1.97828e-01 2.19155e+00 1.46573e+01
2.41500e+00 2.27292e-01 2.02005e+00 1.46738e+01
2.43000e+00 1.98667e-01 1.84180e+00 1.46902e+01
2.44500e+00 2.11744e-01 1.65768e+00 1.47065e+01
2.46000e+00 2.18389e-01 1.46816e+00 1.47225e+01
2.47500e+00 2.27576e-01 1.27398e+00 1.47385e+01
2.49000e+00 2.15942e-01 1.07492e+00 1.47542e+01
2.50500e+00 2.29740e-01 8.73617e-01 1.47699e+01
2.52000e+00 2.41634e-01 6.69732e-01 1.47853e+01
2.53500e+00 2.49012e-01 4.63634e-01 1.48007e+01
2.55000e+00 2.44200e-01 2.56226e-01 1.48159e+01
2.56500e+00 2.29704e-01 4.90230e-02 1.48309e+01
2.58000e+00 2.47617e-01 -1.58386e-01 1.48458e+01
2.59500e+00 2.19572e-01 -3.64435e-01 1.48606e+01
2.61000e+00 2.58282e-01 -5.68068e-01 1.48753e+01
2.62500e+00 2.62869e-01 -7.69763e-01 1.48898e+01
2.64000e+00 2.45087e-01 -9.67841e-01 1.49042e+01
2.65500e+00 2.55314e-01 -1.16306e+00 1.49185e+01
2.67000e+00 2.71146e-01 -1.35409e+00 1.49327e+01
2.68500e+00 2.53623e-01 -1.53937e+00 1.49467e+01
2.70000e+00 2.45974e-01 -1.71911e+00 1.49606e+01
2.71500e+00 2.59512e-01 -1.89296e+00 1.49744e+01
2.73000e+00 2.50053e-01 -2.06011e+00 1.49882e+01
2.74500e+00 2.72116e-01 -2.22045e+00 1.50018e+01
2.76000e+00 2.95231e-01 -2.37304e+00 1.50153e+01
2.77500e+00 2.74043e-01 -2.51826e+00 1.50287e+01
2.79000e+00 2.97997e-01 -2.65483e+00 1.50420e+01
2.80500e+00 2.93835e-01 -2.78291e+00 1.50552e+01
2.82000e+00 2.94876e-01 -2.90139e+00 1.50683e+01
2.83500e+00 2.78985e-01 -3.01058e+00 1.50813e+01
2.85000e+00 2.72423e-01 -3.11028e+00 1.50942e+01
2.86500e+00 2.94048e-01 -3.20079e+00 1.51071e+01
2.88000e+00 2.85914e-01 -3.28042e+00 1.51199e+01
2.89500e+00 2.72387e-01 -3.34968e+00 1.51326e+01
2.91000e+00 3.13628e-01 -3.40865e+00 1.51452e+01
2.92500e+00 3.16868e-01 -3.45660e+00 1.51577e+01
2.94000e+00 2.89614e-01 -3.49409e+00 1.51702e+01
2.95500e+00 3.21290e-01 -3.52128e+00 1.51826e+01
2.97000e+00 3.44192e-01 -3.53665e+00 1.51949e+01
2.98500e+00 3.04063e-01 -3.54224e+00 1.52072e+01
3.00000e+00 3.55046e-01 -3.53662e+00 1.52194e+01
3.01500e+00 3.23134e-01 -3.52111e+00 1.52316e+01
3.03000e+00 2.85039e-01 -3.49608e+00 1.52437e+01
3.04500e+00 3.16241e-01 -3.46104e+00 1.52557e+01
3.06000e+00 3.52634e-01 -3.41649e+00 1.52677e+01
3.07500e+00 3.26752e-01 -3.36204e+00 1.52797e+01
3.09000e+00 3.38670e-01 -3.29758e+00 1.52916e+01
3.10500e+00 3.55046e-01 -3.22334e+00 1.53035e+01
3.12000e+00 3.49087e-01 -3.13925e+00 1.53153e+01
3.13500e+00 3.49205e-01 -3.04526e+00 1.53271e+01
3.15000e+00 3.42111e-01 -2.94120e+00 1.53389e+01
3.16500e+00 3.48366e-01 -2.82813e+00 1.53506e+01
3.18000e+00 3.56536e-01 -2.70533e+00 1.53623e+01
3.19500e+00 3.38670e-01 -2.57404e+00 1.53740e+01
3.21000e+00 3.51357e-01 -2.43349e+00 1.53857e+01
3.22500e+00 3.71658e-01 -2.28445e+00 1.53973e+01
3.24000e+00 3.75205e-01 -2.12788e+00 1.54090e+01
3.25500e+00 3.65605e-01 -1.96418e+00 1.54206e+01
3.27000e+00 3.69069e-01 -1.79397e+00 1.54322e+01
3.28500e+00 3.79497e-01 -1.61756e+00 1.54438e+01
3.30000e+00 3.73964e-01 -1.43479e+00 1.54554e+01
3.31500e+00 3.77866e-01 -1.24648e+00 1.54670e+01
3.33000e+00 3.75844e-01 -1.05438e+00 1.54786e+01
3.34500e+00 3.77464e-01 -8.57730e-01 1.54902e+01
3.36000e+00 3.97079e-01 -6.58426e-01 1.55017e+01
3.37500e+00 3.98959e-01 -4.55282e-01 1.55134e+01
3.39000e+00 4.23375e-01 -2.50572e-01 1.55250e+01
3.40500e+00 4.08843e-01 -4.41085e-02 1.55366e+01
3.42000e+00 3.99077e-01 1.62000e-01 1.55482e+01
3.43500e+00 4.15772e-01 3.67962e-01 1.55599e+01
3.45000e+00 4.22488e-01 5.72889e-01 1.55716e+01
3.46500e+00 4.24108e-01 7.76521e-01 1.55833e+01
3.48000e+00 4.01193e-01 9.78369e-01 1.55951e+01
3.49500e+00 4.03889e-01 1.17756e+00 1.56068e+01
3.51000e+00 4.17203e-01 1.37278e+00 1.56186e+01
3.52500e+00 4.17203e-01 1.56438e+00 1.56305e+01
3.54000e+00 4.09222e-01 1.75093e+00 1.56423e+01
3.55500e+00 4.31817e-01 1.93137e+00 1.56542e+01
3.57000e+00 4.24734e-01 2.10564e+00 1.56662e+01
3.58500e+00 4.34075e-01 2.27335e+00 1.56782e+01
3.60000e+00 4.43616e-01 2.43336e+00 1.56902e+01
3.61500e+00 4.53643e-01 2.58633e+00 1.57022e+01
3.63000e+00 4.18172e-01 2.73040e+00 1.57143e+01
3.64500e+00 4.56670e-01 2.86510e+00 1.57264e+01
3.66000e+00 4.61837e-01 2.99022e+00 1.57385e+01
3.67500e+00 4.23174e-01 3.10544e+00 1.57507e+01
3.69000e+00 4.29038e-01 3.21031e+00 1.57629e+01
3.70500e+00 4.72478e-01 3.30455e+00 1.57751e+01
3.72000e+00 4.78803e-01 3.38744e+00 1.57873e+01
3.73500e+00 4.59543e-01 3.45911e+00 1.57995e+01
3.75000e+00 4.56835e-01 3.51939e+00 1.58118e+01
3.76500e+00 4.50131e-01 3.56752e+00 1.58241e+01
3.78000e+00 4.84975e-01 3.60357e+00 1.58364e+01
3.79500e+00 4.74346e-01 3.62774e+00 1.58487e+01
3.81000e+00 4.68954e-01 3.63977e+00 1.58610e+01
3.82500e+00 4.60843e-01 3.63962e+00 1.58733e+01
3.84000e+00 4.91431e-01 3.62842e+00 1.58857e+01
3.85500e+00 5.04319e-01 3.60633e+00 1.58980e+01
3.87000e+00 5.08965e-01 3.57363e+00 1.59104e+01
3.88500e+00 4.76380e-01 3.53049e+00 1.59228e+01
3.90000e+00 4.97662e-01 3.47635e+00 1.59351e+01
3.91500e+00 5.05631e-01 3.41086e+00 1.59475e+01
3.93000e+00 4.91537e-01 3.33522e+00 1.59599e+01
3.94500e+00 4.96562e-01 3.24828e+00 1.59723e+01
3.96000e+00 4.94647e-01 3.15048e+00 1.59846e+01
3.97500e+00 4.90308e-01 3.04195e+00 1.59970e+01
3.99000e+00 5.07724e-01 2.92332e+00 1.60094e+01
4.00500e+00 5.33263e-01 2.79459e+00 1.60217e+01
4.02000e+00 5.28533e-01 2.65654e+00 1.60341e+01
4.03500e+00 5.21960e-01 2.50883e+00 1.60465e+01
4.05000e+00 5.31489e-01 2.35258e+00 1.60588e+01
4.06500e+00 5.18814e-01 2.18822e+00 1.60711e+01
4.08000e+00 5.37969e-01 2.01654e+00 1.60834e+01
4.09500e+00 5.25022e-01 1.83847e+00 1.60957e+01
4.11000e+00 5.39139e-01 1.65427e+00 1.61080e+01
4.12500e+00 5.18129e-01 1.46463e+00 1.61203e+01
4.14000e+00 5.54664e-01 1.27036e+00 1.61326e+01
4.15500e+00 5.39470e-01 1.07094e+00 1.61448e+01
4.17000e+00 5.38997e-01 8.69740e-01 1.61570e+01
4.18500e+00 5.41480e-01 6.65617e-01 1.61692e+01
4.20000e+00 5.62172e-01 4.59511e-01 1.61814e+01
4.21500e+00 5.72659e-01 2.53100e-01 1.61935e+01
4.23000e+00 5.72411e-01 4.58918e-02 1.62057e+01
4.24500e+00 5.56626e-01 -1.61411e-01 1.62178e+01
4.26000e+00 5.39955e-01 -3.67471e-01 1.62298e+01
4.27500e+00 5.40960e-01 -5.71847e-01 1.62419e+01
4.29000e+00 5.73534e-01 -7.74037e-01 1.62539e+01
4.30500e+00 5.68213e-01 -9.71578e-01 1.62658e+01
4.32000e+00 5.67480e-01 -1.16629e+00 1.62778e+01
4.33500e+00 5.69408e-01 -1.35671e+00 1.62897e+01
4.35000e+00 6.12363e-01 -1.54204e+00 1.63016e+01
4.36500e+00 5.66712e-01 -1.72228e+00 1.63134e+01
4.38000e+00 5.79197e-01 -1.89556e+00 1.63252e+01
4.39500e+00 5.73073e-01 -2.06316e+00 1.63369e+01
4.41000e+00 5.67350e-01 -2.22313e+00 1.63486e+01
4.42500e+00 5.61450e-01 -2.37565e+00 1.63603e+01
4.44000e+00 5.93398e-01 -2.52066e+00 1.63719e+01
4.45500e+00 5.99156e-01 -2.65707e+00 1.63835e+01
4.47000e+00 5.88846e-01 -2.78459e+00 1.63950e+01
4.48500e+00 6.09478e-01 -2.90284e+00 1.64064e+01
4.50000e+00 6.15366e-01 -3.01285e+00 1.64179e+01
4.51500e+00 6.14574e-01 -3.11254e+00 1.64292e+01
4.53000e+00 6.06486e-01 -3.20245e+00 1.64405e+01
4.54500e+00 6.07621e-01 -3.28243e+00 1.64518e+01
4.56000e+00 6.08000e-01 -3.35069e+00 1.64630e+01
4.57500e+00 6.07243e-01 -3.40940e+00 1.64741e+01
4.59000e+00 6.03412e-01 -3.45734e+00 1.64852e+01
4.60500e+00 6.26350e-01 -3.49462e+00 1.64963e+01
4.62000e+00 6.35892e-01 -3.52122e+00 1.65072e+01
4.63500e+00 6.32486e-01 -3.53697e+00 1.65181e+01
4.65000e+00 6.31517e-01 -3.54130e+00 1.65289e+01
4.66500e+00 6.22105e-01 -3.53542e+00 1.65397e+01
4.68000e+00 6.30583e-01 -3.51964e+00 1.65504e+01
4.69500e+00 6.42927e-01 -3.49442e+00 1.65610e+01
4.71000e+00 6.37251e-01 -3.45946e+00 1.65716e+01
4.72500e+00 6.43033e-01 -3.41461e+00 1.65821e+01
4.74000e+00 6.35738e-01 -3.36019e+00 1.65925e+01
4.75500e+00 6.46923e-01 -3.29558e+00 1.66028e+01
4.77000e+00 6.35430e-01 -3.22105e+00 1.66131e+01
4.78500e+00 6.26835e-01 -3.13711e+00 1.66233e+01
4.80000e+00 6.72828e-01 -3.04290e+00 1.66334e+01
4.81500e+00 6.53816e-01 -2.93887e+00 1.66434e+01
4.83000e+00 6.50316e-01 -2.82520e+00 1.66534e+01
4.84500e+00 6.50080e-01 -2.70274e+00 1.66632e+01
4.86000e+00 6.36282e-01 -2.57061e+00 1.66730e+01
4.87500e+00 6.54561e-01 -2.43001e+00 1.66827e+01
4.89000e+00 6.48294e-01 -2.28169e+00 1.66923e+01
4.90500e+00 6.87691e-01 -2.12480e+00 1.67018e+01
4.92000e+00 6.57848e-01 -1.96087e+00 1.67113e+01
4.93500e+00 6.61785e-01 -1.79016e+00 1.67206e+01
4.95000e+00 6.82311e-01 -1.61404e+00 1.67298e+01
4.96500e+00 6.68489e-01 -1.43129e+00 1.67390e+01
4.98000e+00 7.01252e-01 -1.24284e+00 1.67480e+01
4.99500e+00 6.86390e-01 -1.05006e+00 1.67570e+01
5.01000e+00 6.70393e-01 -8.53745e-01 1.67658e+01
5.02500e+00 6.59657e-01 -6.53567e-01 1.67746e+01
5.04000e+00 6.85480e-01 -4.51274e-01 1.67833e+01
5.05500e+00 6.91923e-01 -2.46932e-01 1.67918e+01
5.07000e+00 6.74200e-01 -4.05650e-02 1.68003e+01
5.08500e+00 6.91238e-01 1.65731e-01 1.68086e+01
5.10000e+00 6.77404e-01 3.71756e-01 1.68169e+01
5.11500e+00 7.22014e-01 5.77021e-01 1.68250e+01
5.13000e+00 6.93874e-01 7.80785e-01 1.68330e+01
5.14500e+00 7.07933e-01 9.81865e-01 1.68409e+01
5.16000e+00 7.27737e-01 1.18125e+00 1.68487e+01
5.17500e+00 6.75122e-01 1.37644e+00 1.68564e+01
5.19000e+00 7.10818e-01 1.56794e+00 1.68640e+01
5.20500e+00 7.16670e-01 1.75396e+00 1.68714e+01
5.22000e+00 6.97682e-01 1.93474e+00 1.68788e+01
5.23500e+00 6.88282e-01 2.10933e+00 1.68860e+01
5.25000e+00 7.02848e-01 2.27665e+00 1.68931e+01
5.26500e+00 7.12284e-01 2.43664e+00 1.69001e+01
5.28000e+00 7.40767e-01 2.58921e+00 1.69069e+01
5.29500e+00 7.46324e-01 2.73250e+00 1.69136e+01
5.31000e+00 7.22842e-01 2.86710e+00 1.69203e+01
5.32500e+00 7.13501e-01 2.99228e+00 1.69267e+01
5.34000e+00 7.20915e-01 3.10753e+00 1.69331e+01
5.35500e+00 7.45319e-01 3.21213e+00 1.69394e+01
5.37000e+00 7.09493e-01 3.30619e+00 1.69455e+01
5.38500e+00 7.24923e-01 3.38887e+00 1.69515e+01
5.40000e+00 7.46099e-01 3.46049e+00 1.69574e+01
5.41500e+00 7.60157e-01 3.52008e+00 1.69632e+01
5.43000e+00 7.43817e-01 3.56822e+00 1.69688e+01
5.44500e+00 7.41559e-01 3.60439e+00 1.69744e+01
5.46000e+00 7.44479e-01 3.62824e+00 1.69798e+01
5.47500e+00 7.40554e-01 3.64003e+00 1.69851e+01
5.49000e+00 7.39821e-01 3.63994e+00 1.69903e+01
5.50500e+00 7.47719e-01 3.62778e+00 1.69954e+01
5.52000e+00 7.52969e-01 3.60583e+00 1.70004e+01
5.53500e+00 7.56587e-01 3.57297e+00 1.70052e+01
5.55000e+00 7.66270e-01 3.52929e+00 1.70100e+01
5.56500e+00 7.59294e-01 3.47541e+00 1.70146e+01
5.58000e+00 7.57745e-01 3.40967e+00 1.70191e+01
5.59500e+00 7.75445e-01 3.33359e+00 1.70236e+01
5.61000e+00 7.61269e-01 3.24637e+00 1.70279e+01
5.62500e+00 7.62487e-01 3.14872e+00 1.70321e+01
5.64000e+00 7.55109e-01 3.03987e+00 1.70361e+01
5.65500e+00 7.71319e-01 2.92138e+00 1.70401e+01
5.67000e+00 7.64709e-01 2.79223e+00 1.70440e+01
5.68500e+00 7.67819e-01 2.65365e+00 1.70478e+01
5.70000e+00 7.76734e-01 2.50574e+00 1.70514e+01
5.71500e+00 7.71922e-01 2.34980e+00 1.70550e+01
5.73000e+00 7.60902e-01 2.18521e+00 1.70584e+01
5.74500e+00 7.88427e-01 2.01311e+00 1.70618e+01
5.76000e+00 7.84798e-01 1.83496e+00 1.70650e+01
5.77500e+00 7.91123e-01 1.65077e+00 1.70681e+01
5.79000e+00 8.06719e-01 1.46092e+00 1.70712e+01
5.80500e+00 7.82397e-01 1.26660e+00 1.70741e+01
5.82000e+00 7.91644e-01 1.06763e+00 1.70769e+01
5.83500e+00 8.10467e-01 8.65850e-01 1.70797e+01
5.85000e+00 8.13304e-01 6.61485e-01 1.70823e+01
5.86500e+00 8.13612e-01 4.55807e-01 1.70848e+01
5.88000e+00 7.97437e-01 2.49085e-01 1.70873e+01
5.89500e+00 8.31666e-01 4.16180e-02 1.70896e+01
5.91000e+00 8.20056e-01 -1.65511e-01 1.70918e+01
5.92500e+00 8.15539e-01 -3.70799e-01 1.70940e+01
5.94000e+00 8.15835e-01 -5.75383e-01 1.70960e+01
5.95500e+00 8.07452e-01 -7.77042e-01 1.70979e+01
5.97000e+00 8.01126e-01 -9.75495e-01 1.70998e+01
5.98500e+00 8.30082e-01 -1.16953e+00 1.71015e+01
6.00000e+00 8.24016e-01 -1.36066e+00 1.71032e+01
6.01500e+00 8.23425e-01 -1.54569e+00 1.71048e+01
6.03000e+00 8.24702e-01 -1.72583e+00 1.71062e+01
6.04500e+00 8.35060e-01 -1.89966e+00 1.71076e+01
6.06000e+00 8.37578e-01 -2.06648e+00 1.71089e+01
6.07500e+00 8.21805e-01 -2.22639e+00 1.71101e+01
6.09000e+00 8.33132e-01 -2.37813e+00 1.71112e+01
6.10500e+00 8.22184e-01 -2.52304e+00 1.71122e+01
6.12000e+00 8.34729e-01 -2.65980e+00 1.71131e+01
6.13500e+00 8.47415e-01 -2.78723e+00 1.71139e+01
6.15000e+00 8.50537e-01 -2.90510e+00 1.71147e+01
6.16500e+00 8.59062e-01 -3.01501e+00 1.71153e+01
6.18000e+00 8.55715e-01 -3.11364e+00 1.71159e+01
6.19500e+00 8.67705e-01 -3.20391e+00 1.71164e+01
6.21000e+00 8.74066e-01 -3.28326e+00 1.71168e+01
6.22500e+00 8.61828e-01 -3.35214e+00 1.71171e+01
6.24000e+00 8.57891e-01 -3.41042e+00 1.71173e+01
6.25500e+00 8.57690e-01 -3.45811e+00 1.71174e+01
6.27000e+00 8.72150e-01 -3.49529e+00 1.71175e+01
6.28500e+00 8.59889e-01 -3.52118e+00 1.71174e+01
6.30000e+00 8.84423e-01 -3.53692e+00 1.71173e+01
6.31500e+00 8.73049e-01 -3.54154e+00 1.71171e+01
6.33000e+00 8.87497e-01 -3.53558e+00 1.71168e+01
6.34500e+00 8.73002e-01 -3.51987e+00 1.71165e+01
6.36000e+00 8.73155e-01 -3.49427e+00 1.71160e+01
6.37500e+00 8.64217e-01 -3.45883e+00 1.71155e+01
6.39000e+00 8.88550e-01 -3.41398e+00 1.71149e+01
6.40500e+00 8.76927e-01 -3.35912e+00 1.71142e+01
6.42000e+00 8.43998e-01 -3.29454e+00 1.71135e+01
6.43500e+00 8.78180e-01 -3.22001e+00 1.71126e+01
6.45000e+00 9.00988e-01 -3.13573e+00 1.71117e+01
6.46500e+00 8.91907e-01 -3.04123e+00 1.71107e+01
6.48000e+00 8.93610e-01 -2.93700e+00 1.71097e+01
6.49500e+00 8.80900e-01 -2.82303e+00 1.71085e+01
6.51000e+00 8.98872e-01 -2.69992e+00 1.71073e+01
6.52500e+00 8.92274e-01 -2.56788e+00 1.71060e+01
6.54000e+00 8.84530e-01 -2.42744e+00 1.71046e+01
6.55500e+00 8.96625e-01 -2.27895e+00 1.71032e+01
6.57000e+00 8.96022e-01 -2.12190e+00 1.71017e+01
6.58500e+00 9.02537e-01 -1.95783e+00 1.71001e+01
6.60000e+00 9.03412e-01 -1.78750e+00 1.70985e+01
6.61500e+00 8.96649e-01 -1.61090e+00 1.70967e+01
6.63000e+00 8.96530e-01 -1.42816e+00 1.70949e+01
6.64500e+00 9.13119e-01 -1.23991e+00 1.70931e+01
6.66000e+00 9.17375e-01 -1.04680e+00 1.70911e+01
6.67500e+00 9.20154e-01 -8.49772e-01 1.70891e+01
6.69000e+00 9.14845e-01 -6.49965e-01 1.70871e+01
6.70500e+00 9.15436e-01 -4.48052e-01 1.70849e+01
6.72000e+00 8.83974e-01 -2.42944e-01 1.70827e+01
6.73500e+00 9.30807e-01 -3.70169e-02 1.70804e+01
6.75000e+00 9.13580e-01 1.69964e-01 1.70781e+01
6.76500e+00 9.21112e-01 3.75459e-01 1.70757e+01
6.78000e+00 9.20674e-01 5.80830e-01 1.70732e+01
6.79500e+00 9.19917e-01 7.84084e-01 1.70707e+01
6.81000e+00 9.39616e-01 9.85749e-01 1.70681e+01
6.82500e+00 9.04819e-01 1.18503e+00 1.70654e+01
6.84000e+00 9.37452e-01 1.38024e+00 1.70627e+01
6.85500e+00 9.37724e-01 1.57146e+00 1.70599e+01
6.87000e+00 9.28561e-01 1.75760e+00 1.70571e+01
6.88500e+00 9.57327e-01 1.93786e+00 1.70542e+01
6.90000e+00 9.54099e-01 2.11223e+00 1.70512e+01
6.91500e+00 9.29589e-01 2.27955e+00 1.70482e+01
6.93000e+00 9.31918e-01 2.43919e+00 1.70451e+01
6.94500e+00 9.26373e-01 2.59167e+00 1.70420e+01
6.96000e+00 9.68678e-01 2.73533e+00 1.70388e+01
6.97500e+00 9.38102e-01 2.86986e+00 1.70355e+01
6.99000e+00 9.56665e-01 2.99418e+00 1.70322e+01
7.00500e+00 9.43080e-01 3.10955e+00 1.70288e+01
7.02000e+00 9.39261e-01 3.21394e+00 1.70254e+01
7.03500e+00 9.90102e-01 3.30751e+00 1.70219e+01
7.05000e+00 9.75595e-01 3.39015e+00 1.70184e+01
7.06500e+00 9.62612e-01 3.46164e+00 1.70148e+01
7.08000e+00 9.82015e-01 3.52107e+00 1.70112e+01
7.09500e+00 9.84793e-01 3.56859e+00 1.70075e+01
7.11000e+00 9.80241e-01 3.60502e+00 1.70038e+01
7.12500e+00 9.62175e-01 3.62850e+00 1.70000e+01
7.14000e+00 9.74531e-01 3.63999e+00 1.69961e+01
7.15500e+00 9.63026e-01 3.63961e+00 1.69922e+01
7.17000e+00 9.62435e-01 3.62775e+00 1.69883e+01
7.18500e+00 9.79887e-01 3.60502e+00 1.69843e+01
7.20000e+00 9.98793e-01 3.57157e+00 1.69803e+01
7.21500e+00 9.69151e-01 3.52817e+00 1.69762e+01
7.23000e+00 9.85243e-01 3.47366e+00 1.69721e+01
7.24500e+00 9.86177e-01 3.40798e+00 1.69679e+01
7.26000e+00 9.82086e-01 3.33175e+00 1.69637e+01
7.27500e+00 9.80773e-01 3.24438e+00 1.69595e+01
7.29000e+00 9.76091e-01 3.14621e+00 1.69552e+01
7.30500e+00 9.90150e-01 3.03773e+00 1.69508e+01
7.32000e+00 9.86886e-01 2.91862e+00 1.69465e+01
7.33500e+00 9.95198e-01 2.78980e+00 1.69420e+01
7.35000e+00 1.02521e+00 2.65051e+00 1.69376e+01
7.36500e+00 1.00014e+00 2.50322e+00 1.69331e+01
7.38000e+00 1.00453e+00 2.34666e+00 1.69286e+01
7.39500e+00 9.85586e-01 2.18211e+00 1.69240e+01
7.41000e+00 1.02195e+00 2.01019e+00 1.69194e+01
7.42500e+00 1.00973e+00 1.83211e+00 1.69147e+01
7.44000e+00 1.03689e+00 1.64706e+00 1.69100e+01
7.45500e+00 1.00342e+00 1.45767e+00 1.69053e+01
7.47000e+00 1.00255e+00 1.26330e+00 1.69006e+01
7.48500e+00 1.00571e+00 1.06412e+00 1.68958e+01
7.50000e+00 1.05510e+00 8.62022e-01 1.68910e+01
7.51500e+00 1.00604e+00 6.58212e-01 1.68861e+01
7.53000e+00 1.00956e+00 4.52711e-01 1.68813e+01
7.54500e+00 1.02167e+00 2.45573e-01 1.68763e+01
7.56000e+00 1.02969e+00 3.82475e-02 1.68714e+01
7.57500e+00 1.01963e+00 -1.69529e-01 1.68664e+01
7.59000e+00 1.03302e+00 -3.75446e-01 1.68614e+01
7.60500e+00 1.03111e+00 -5.79050e-01 1.68564e+01
7.62000e+00 1.01993e+00 -7.80493e-01 1.68514e+01
7.63500e+00 1.05199e+00 -9.78554e-01 1.68463e+01
7.65000e+00 1.01033e+00 -1.17410e+00 1.68412e+01
7.66500e+00 1.01602e+00 -1.36382e+00 1.68361e+01
7.68000e+00 1.05798e+00 -1.54920e+00 1.68309e+01
7.69500e+00 1.04192e+00 -1.72850e+00 1.68257e+01
7.71000e+00 1.05414e+00 -1.90246e+00 1.68205e+01
7.72500e+00 1.03546e+00 -2.06931e+00 1.68153e+01
7.74000e+00 1.04506e+00 -2.22901e+00 1.68101e+01
7.75500e+00 1.05462e+00 -2.38136e+00 1.68048e+01
7.77000e+00 1.04075e+00 -2.52560e+00 1.67995e+01
7.78500e+00 1.04262e+00 -2.66154e+00 1.67942e+01
7.80000e+00 1.05303e+00 -2.78882e+00 1.67889e+01
7.81500e+00 1.08236e+00 -2.90681e+00 1.67835e+01
7.83000e+00 1.04349e+00 -3.01567e+00 1.67782e+01
7.84500e+00 1.07801e+00 -3.11538e+00 1.67728e+01
7.86000e+00 1.04882e+00 -3.20470e+00 1.67674e+01
7.87500e+00 1.03068e+00 -3.28418e+00 1.67620e+01
7.89000e+00 1.06413e+00 -3.35282e+00 1.67566e+01
7.90500e+00 1.06515e+00 -3.41111e+00 1.67512e+01
7.92000e+00 1.04248e+00 -3.45878e+00 1.67457e+01
7.93500e+00 1.05916e+00 -3.49585e+00 1.67402e+01
7.95000e+00 1.06821e+00 -3.52178e+00 1.67348e+01
7.96500e+00 1.07112e+00 -3.53706e+00 1.67293e+01
7.98000e+00 1.10043e+00 -3.54116e+00 1.67238e+01
7.99500e+00 1.10570e+00 -3.53507e+00 1.67183e+01
8.01000e+00 1.07900e+00 -3.51900e+00 1.67128e+01
8.02500e+00 1.09124e+00 -3.49297e+00 1.67073e+01
8.04000e+00 1.09087e+00 -3.45779e+00 1.67017e+01
8.05500e+00 1.07068e+00 -3.41290e+00 1.66962e+01
8.07000e+00 1.06739e+00 -3.35768e+00 1.66907e+01
8.08500e+00 1.08153e+00 -3.29285e+00 1.66851e+01
8.10000e+00 1.09712e+00 -3.21798e+00 1.66796e+01
8.11500e+00 1.10411e+00 -3.13347e+00 1.66740e+01
8.13000e+00 1.07799e+00 -3.03891e+00 1.66685e+01
8.14500e+00 1.10263e+00 -2.93470e+00 1.66629e+01
8.16000e+00 1.10123e+00 -2.82064e+00 1.66573e+01
8.17500e+00 1.10525e+00 -2.69689e+00 1.66518e+01
8.19000e+00 1.10227e+00 -2.56530e+00 1.66462e+01
8.20500e+00 1.07673e+00 -2.42444e+00 1.66407e+01
8.22000e+00 1.08787e+00 -2.27561e+00 1.66351e+01
8.23500e+00 1.09996e+00 -2.11895e+00 1.66295e+01
8.25000e+00 1.09498e+00 -1.95475e+00 1.66240e+01
8.26500e+00 1.11614e+00 -1.78407e+00 1.66184e+01
8.28000e+00 1.13668e+00 -1.60638e+00 1.66129e+01
8.29500e+00 1.13661e+00 -1.42380e+00 1.66073e+01
8.31000e+00 1.14026e+00 -1.23562e+00 1.66018e+01
8.32500e+00 1.11167e+00 -1.04299e+00 1.65962e+01
8.34000e+00 1.12054e+00 -8.46561e-01 1.65907e+01
8.35500e+00 1.13317e+00 -6.46330e-01 1.65852e+01
8.37000e+00 1.09202e+00 -4.43263e-01 1.65797e+01
8.38500e+00 1.13758e+00 -2.38115e-01 1.65742e+01
8.40000e+00 1.12149e+00 -3.25210e-02 1.65687e+01
8.41500e+00 1.12308e+00 1.73423e-01 1.65632e+01
8.43000e+00 1.10778e+00 3.79666e-01 1.65577e+01
8.44500e+00 1.16947e+00 5.85015e-01 1.65522e+01
8.46000e+00 1.13155e+00 7.88342e-01 1.65468e+01
8.47500e+00 1.12224e+00 9.89929e-01 1.65414e+01
8.49000e+00 1.12396e+00 1.18915e+00 1.65359e+01
8.50500e+00 1.13820e+00 1.38406e+00 1.65305e+01
8.52000e+00 1.10872e+00 1.57521e+00 1.65251e+01
8.53500e+00 1.13927e+00 1.76109e+00 1.65197e+01
8.55000e+00 1.17643e+00 1.94152e+00 1.65144e+01
8.56500e+00 1.11555e+00 2.11566e+00 1.65090e+01
8.58000e+00 1.14998e+00 2.28303e+00 1.65037e+01
8.59500e+00 1.16633e+00 2.44254e+00 1.64984e+01
8.61000e+00 1.13110e+00 2.59455e+00 1.64931e+01
8.62500e+00 1.13660e+00 2.73803e+00 1.64878e+01
8.64000e+00 1.15498e+00 2.87257e+00 1.64826e+01
8.65500e+00 1.17363e+00 2.99696e+00 1.64773e+01
8.67000e+00 1.13246e+00 3.11165e+00 1.64721e+01
8.68500e+00 1.15119e+00 3.21591e+00 1.64669e+01
8.70000e+00 1.16526e+00 3.30929e+00 1.64618e+01
8.71500e+00 1.12834e+00 3.39206e+00 1.64566e+01
8.73000e+00 1.17307e+00 3.46297e+00 1.64515e+01
8.74500e+00 1.18706e+00 3.52224e+00 1.64464e+01
8.76000e+00 1.19836e+00 3.56993e+00 1.64414e+01
8.77500e+00 1.14122e+00 3.60578e+00 1.64363e+01
8.79000e+00 1.17896e+00 3.62898e+00 1.64313e+01
8.80500e+00 1.18069e+00 3.64040e+00 1.64263e+01
8.82000e+00 1.15154e+00 3.63973e+00 1.64213e+01
8.83500e+00 1.16040e+00 3.62778e+00 1.64164e+01
8.85000e+00 1.16799e+00 3.60511e+00 1.64115e+01
8.86500e+00 1.16296e+00 3.57176e+00 1.64066e+01
8.88000e+00 1.16828e+00 3.52777e+00 1.64017e+01
8.89500e+00 1.20067e+00 3.47299e+00 1.63968e+01
8.91000e+00 1.18232e+00 3.40712e+00 1.63920e+01
8.92500e+00 1.17528e+00 3.33113e+00 1.63872e+01
8.94000e+00 1.19869e+00 3.24345e+00 1.63824e+01
8.95500e+00 1.19968e+00 3.14451e+00 1.63777e+01
8.97000e+00 1.16108e+00 3.03612e+00 1.63729e+01
8.98500e+00 1.16190e+00 2.91653e+00 1.63682e+01
9.00000e+00 1.17878e+00 2.78750e+00 1.63635e+01
9.01500e+00 1.18827e+00 2.64853e+00 1.63588e+01
9.03000e+00 1.19994e+00 2.50058e+00 1.63541e+01
9.04500e+00 1.18596e+00 2.34366e+00 1.63495e+01
9.06000e+00 1.18881e+00 2.17901e+00 1.63449e+01
9.07500e+00 1.16760e+00 2.00718e+00 1.63403e+01
9.09000e+00 1.21933e+00 1.82872e+00 1.63357e+01
9.10500e+00 1.21087e+00 1.64384e+00 1.63311e+01
9.12000e+00 1.18623e+00 1.45407e+00 1.63266e+01
9.13500e+00 1.19811e+00 1.25924e+00 1.63221e+01
9.15000e+00 1.21793e+00 1.05988e+00 1.63176e+01
9.16500e+00 1.21285e+00 8.58273e-01 1.63131e+01
9.18000e+00 1.18918e+00 6.54518e-01 1.63086e+01
9.19500e+00 1.21461e+00 4.47985e-01 1.63042e+01
9.21000e+00 1.21395e+00 2.40928e-01 1.62997e+01
9.22500e+00 1.22472e+00 3.43654e-02 1.62953e+01
9.24000e+00 1.20761e+00 -1.73581e-01 1.62909e+01
9.25500e+00 1.19404e+00 -3.79133e-01 1.62865e+01
9.27000e+00 1.20589e+00 -5.83371e-01 1.62822e+01
9.28500e+00 1.17584e+00 -7.84513e-01 1.62778e+01
9.30000e+00 1.23104e+00 -9.82404e-01 1.62735e+01
9.31500e+00 1.18053e+00 -1.17672e+00 1.62692e+01
9.33000e+00 1.20120e+00 -1.36787e+00 1.62649e+01
9.34500e+00 1.22854e+00 -1.55294e+00 1.62606e+01
9.36000e+00 1.19919e+00 -1.73178e+00 1.62563e+01
9.37500e+00 1.22401e+00 -1.90490e+00 1.62520e+01
9.39000e+00 1.23251e+00 -2.07173e+00 1.62478e+01
9.40500e+00 1.23344e+00 -2.23128e+00 1.62436e+01
9.42000e+00 1.21308e+00 -2.38346e+00 1.62394e+01
9.43500e+00 1.22459e+00 -2.52835e+00 1.62352e+01
9.45000e+00 1.21957e+00 -2.66462e+00 1.62310e+01
9.46500e+00 1.21270e+00 -2.79151e+00 1.62268e+01
9.48000e+00 1.19609e+00 -2.90986e+00 1.62226e+01
9.49500e+00 1.22602e+00 -3.01823e+00 1.62185e+01
9.51000e+00 1.23078e+00 -3.11714e+00 1.62144e+01
9.52500e+00 1.23552e+00 -3.20616e+00 1.62102e+01
9.54000e+00 1.23985e+00 -3.28523e+00 1.62061e+01
9.55500e+00 1.24854e+00 -3.35436e+00 1.62020e+01
9.57000e+00 1.22422e+00 -3.41205e+00 1.61979e+01
9.58500e+00 1.20808e+00 -3.45933e+00 1.61939e+01
9.60000e+00 1.26498e+00 -3.49610e+00 1.61898e+01
9.61500e+00 1.22612e+00 -3.52214e+00 1.61857e+01
9.63000e+00 1.21475e+00 -3.53684e+00 1.61817e+01
9.64500e+00 1.25896e+00 -3.54118e+00 1.61777e+01
9.66000e+00 1.22086e+00 -3.53517e+00 1.61737e+01
9.67500e+00 1.20471e+00 -3.51884e+00 1.61696e+01
9.69000e+00 1.26784e+00 -3.49275e+00 1.61656e+01
9.70500e+00 1.26071e+00 -3.45723e+00 1.61616e+01
9.72000e+00 1.21388e+00 -3.41214e+00 1.61577e+01
9.73500e+00 1.23237e+00 -3.35667e+00 1.61537e+01
9.75000e+00 1.23341e+00 -3.29186e+00 1.61497e+01
9.76500e+00 1.23882e+00 -3.21670e+00 1.61458e+01
9.78000e+00 1.25330e+00 -3.13175e+00 1.61418e+01
9.79500e+00 1.28944e+00 -3.03711e+00 1.61379e+01
9.81000e+00 1.27118e+00 -2.93262e+00 1.61339e+01
9.82500e+00 1.26813e+00 -2.81869e+00 1.61300e+01
9.84000e+00 1.25386e+00 -2.69550e+00 1.61261e+01
9.85500e+00 1.27745e+00 -2.56295e+00 1.61222e+01
9.87000e+00 1.22681e+00 -2.42157e+00 1.61183e+01
9.88500e+00 1.23959e+00 -2.27255e+00 1.61144e+01
9.90000e+00 1.26454e+00 -2.11577e+00 1.61105e+01
9.91500e+00 1.25538e+00 -1.95210e+00 1.61066e+01
9.93000e+00 1.25891e+00 -1.78144e+00 1.61027e+01
9.94500e+00 1.29348e+00 -1.60353e+00 1.60989e+01
9.96000e+00 1.26361e+00 -1.42020e+00 1.60950e+01
9.97500e+00 1.28233e+00 -1.23181e+00 1.60911e+01
9.99000e+00 1.26577e+00 -1.03899e+00 1.60873e+01
1.00050e+01 1.28635e+00 -8.42036e-01 1.60834e+01
1.00200e+01 1.24081e+00 -6.42119e-01 1.60796e+01
1.00350e+01 1.24708e+00 -4.39935e-01 1.60757e+01
1.00500e+01 1.28188e+00 -2.35257e-01 1.60719e+01
1.00650e+01 1.25903e+00 -2.85731e-02 1.60681e+01
1.00800e+01 1.27248e+00 1.77418e-01 1.60642e+01
1.00950e+01 1.28379e+00 3.83943e-01 1.60604e+01
1.01100e+01 1.27122e+00 5.88858e-01 1.60566e+01
1.01250e+01 1.27187e+00 7.92145e-01 1.60527e+01
1.01400e+01 1.27948e+00 9.93374e-01 1.60489e+01
1.01550e+01 1.23346e+00 1.19276e+00 1.60451e+01
1.01700e+01 1.25244e+00 1.38747e+00 1.60413e+01
1.01850e+01 1.27642e+00 1.57884e+00 1.60375e+01
1.02000e+01 1.28321e+00 1.76442e+00 1.60336e+01
1.02150e+01 1.29441e+00 1.94463e+00 1.60298e+01
1.02300e+01 1.26072e+00 2.11875e+00 1.60260e+01
1.02450e+01 1.25631e+00 2.28590e+00 1.60222e+01
1.02600e+01 1.27448e+00 2.44536e+00 1.60184e+01
1.02750e+01 1.25838e+00 2.59742e+00 1.60146e+01
1.02900e+01 1.28948e+00 2.74054e+00 1.60108e+01
1.03050e+01 1.27888e+00 2.87472e+00 1.60070e+01
1.03200e+01 1.26369e+00 2.99902e+00 1.60031e+01
1.03350e+01 1.27013e+00 3.11375e+00 1.59993e+01
1.03500e+01 1.32114e+00 3.21767e+00 1.59955e+01
1.03650e+01 1.26975e+00 3.31112e+00 1.59917e+01
1.03800e+01 1.28106e+00 3.39304e+00 1.59879e+01
1.03950e+01 1.30935e+00 3.46396e+00 1.59841e+01
1.04100e+01 1.27103e+00 3.52308e+00 1.59802e+01
1.04250e+01 1.28140e+00 3.57069e+00 1.59764e+01
1.04400e+01 1.29156e+00 3.60623e+00 1.59726e+01
1.04550e+01 1.27075e+00 3.62916e+00 1.59688e+01
1.04700e+01 1.26856e+00 3.64041e+00 1.59649e+01
1.04850e+01 1.30034e+00 3.63916e+00 1.59611e+01
1.05000e+01 1.29709e+00 3.62696e+00 1.59573e+01
1.05150e+01 1.29080e+00 3.60392e+00 1.59534e+01
1.05300e+01 1.29737e+00 3.57032e+00 1.59496e+01
1.05450e+01 1.30580e+00 3.52641e+00 1.59457e+01
1.05600e+01 1.30016e+00 3.47148e+00 1.59419e+01
1.05750e+01 1.31206e+00 3.40560e+00 1.59380e+01
1.05900e+01 1.31363e+00 3.32878e+00 1.59342e+01
1.06050e+01 1.28434e+00 3.24084e+00 1.59303e+01
1.06200e+01 1.26131e+00 3.14258e+00 1.59265e+01
1.06350e+01 1.28504e+00 3.03353e+00 1.59226e+01
1.06500e+01 1.27013e+00 2.91426e+00 1.59188e+01
1.06650e+01 1.30359e+00 2.78481e+00 1.59149e+01
1.06800e+01 1.29582e+00 2.64573e+00 1.59110e+01
1.06950e+01 1.30702e+00 2.49761e+00 1.59072e+01
1.07100e+01 1.32077e+00 2.34058e+00 1.59033e+01
1.07250e+01 1.32699e+00 2.17628e+00 1.58994e+01
1.07400e+01 1.28229e+00 2.00371e+00 1.58955e+01
1.07550e+01 1.32918e+00 1.82495e+00 1.58917e+01
1.07700e+01 1.29979e+00 1.64028e+00 1.58878e+01
1.07850e+01 1.29673e+00 1.45034e+00 1.58839e+01
1.08000e+01 1.33107e+00 1.25590e+00 1.58800e+01
1.08150e+01 1.30310e+00 1.05670e+00 1.58761e+01
1.08300e+01 1.30000e+00 8.54933e-01 1.58723e+01
1.08450e+01 1.29254e+00 6.50572e-01 1.58684e+01
1.08600e+01 1.30697e+00 4.44492e-01 1.58645e+01
1.08750e+01 1.31186e+00 2.37636e-01 1.58606e+01
1.08900e+01 1.32686e+00 3.00720e-02 1.58567e+01
1.09050e+01 1.33161e+00 -1.77140e-01 1.58528e+01
1.09200e+01 1.29412e+00 -3.82538e-01 1.58489e+01
1.09350e+01 1.29154e+00 -5.86949e-01 1.58450e+01
1.09500e+01 1.33400e+00 -7.88437e-01 1.58412e+01
1.09650e+01 1.32379e+00 -9.85844e-01 1.58373e+01
1.09800e+01 1.28420e+00 -1.18017e+00 1.58334e+01
1.09950e+01 1.31319e+00 -1.37070e+00 1.58295e+01
1.10100e+01 1.33074e+00 -1.55629e+00 1.58256e+01
1.10250e+01 1.33736e+00 -1.73516e+00 1.58217e+01
1.10400e+01 1.30930e+00 -1.90846e+00 1.58178e+01
1.10550e+01 1.31691e+00 -2.07486e+00 1.58139e+01
1.10700e+01 1.30365e+00 -2.23473e+00 1.58100e+01
1.10850e+01 1.28410e+00 -2.38671e+00 1.58061e+01
1.11000e+01 1.29825e+00 -2.53064e+00 1.58022e+01
1.11150e+01 1.30550e+00 -2.66610e+00 1.57983e+01
1.11300e+01 1.31931e+00 -2.79346e+00 1.57944e+01
1.11450e+01 1.33555e+00 -2.91108e+00 1.57905e+01
1.11600e+01 1.31273e+00 -3.01994e+00 1.57866e+01
1.11750e+01 1.33102e+00 -3.11873e+00 1.57827e+01
1.11900e+01 1.32543e+00 -3.20790e+00 1.57788e+01
1.12050e+01 1.31832e+00 -3.28669e+00 1.57749e+01
1.12200e+01 1.30371e+00 -3.35495e+00 1.57710e+01
1.12350e+01 1.31684e+00 -3.41273e+00 1.57671e+01
1.12500e+01 1.32890e+00 -3.46009e+00 1.57632e+01
1.12650e+01 1.29224e+00 -3.49654e+00 1.57593e+01
1.12800e+01 1.33169e+00 -3.52248e+00 1.57554e+01
1.12950e+01 1.34143e+00 -3.53695e+00 1.57515e+01
1.13100e+01 1.34028e+00 -3.54136e+00 1.57476e+01
1.13250e+01 1.32537e+00 -3.53474e+00 1.57437e+01
1.13400e+01 1.31622e+00 -3.51858e+00 1.57398e+01
1.13550e+01 1.31944e+00 -3.49240e+00 1.57359e+01
1.13700e+01 1.32809e+00 -3.45686e+00 1.57320e+01
1.13850e+01 1.32257e+00 -3.41113e+00 1.57282e+01
1.14000e+01 1.32730e+00 -3.35564e+00 1.57243e+01
1.14150e+01 1.30764e+00 -3.29048e+00 1.57204e+01
1.14300e+01 1.32458e+00 -3.21547e+00 1.57165e+01
1.14450e+01 1.33520e+00 -3.13043e+00 1.57126e+01
1.14600e+01 1.33903e+00 -3.03539e+00 1.57087e+01
1.14750e+01 1.34119e+00 -2.93070e+00 1.57048e+01
1.14900e+01 1.31610e+00 -2.81651e+00 1.57009e+01
1.15050e+01 1.33319e+00 -2.69252e+00 1.56971e+01
1.15200e+01 1.32030e+00 -2.56012e+00 1.56932e+01
1.15350e+01 1.32012e+00 -2.41907e+00 1.56893e+01
1.15500e+01 1.32829e+00 -2.27025e+00 1.56854e+01
1.15650e+01 1.31427e+00 -2.11282e+00 1.56815e+01
1.15800e+01 1.34215e+00 -1.94806e+00 1.56777e+01
1.15950e+01 1.33145e+00 -1.77728e+00 1.56738e+01
1.16100e+01 1.33653e+00 -1.60016e+00 1.56699e+01
1.16250e+01 1.33049e+00 -1.41705e+00 1.56661e+01
1.16400e+01 1.32532e+00 -1.22878e+00 1.56622e+01
1.16550e+01 1.33468e+00 -1.03600e+00 1.56583e+01
1.16700e+01 1.32223e+00 -8.38259e-01 1.56545e+01
1.16850e+01 1.33260e+00 -6.38109e-01 1.56506e+01
1.17000e+01 1.36666e+00 -4.35771e-01 1.56468e+01
1.17150e+01 1.31592e+00 -2.31364e-01 1.56429e+01
1.17300e+01 1.32739e+00 -2.48776e-02 1.56390e+01
1.17450e+01 1.31858e+00 1.81388e-01 1.56352e+01
1.17600e+01 1.37601e+00 3.87422e-01 1.56313e+01
1.17750e+01 1.32914e+00 5.92551e-01 1.56275e+01
1.17900e+01 1.33715e+00 7.96388e-01 1.56237e+01
1.18050e+01 1.31141e+00 9.97455e-01 1.56198e+01
1.18200e+01 1.31616e+00 1.19635e+00 1.56160e+01
1.18350e+01 1.34208e+00 1.39151e+00 1.56121e+01
1.18500e+01 1.32168e+00 1.58219e+00 1.56083e+01
1.18650e+01 1.33345e+00 1.76829e+00 1.56045e+01
1.18800e+01 1.33406e+00 1.94827e+00 1.56007e+01
1.18950e+01 1.36924e+00 2.12207e+00 1.55968e+01
1.19100e+01 1.34171e+00 2.28887e+00 1.55930e+01
1.19250e+01 1.33055e+00 2.44850e+00 1.55892e+01
1.19400e+01 1.35232e+00 2.60006e+00 1.55854e+01
1.19550e+01 1.33965e+00 2.74337e+00 1.55816e+01
1.19700e+01 1.33478e+00 2.87761e+00 1.55778e+01
1.19850e+01 1.37302e+00 3.00159e+00 1.55740e+01
1.20000e+01 1.33620e+00 3.11570e+00 1.55702e+01
1.20150e+01 1.34507e+00 3.21932e+00 1.55664e+01
1.20300e+01 1.31507e+00 3.31270e+00 1.55626e+01
1.20450e+01 1.35024e+00 3.39470e+00 1.55588e+01
1.20600e+01 1.36660e+00 3.46540e+00 1.55550e+01
1.20750e+01 1.33763e+00 3.52435e+00 1.55512e+01
1.20900e+01 1.32214e+00 3.57096e+00 1.55475e+01
1.21050e+01 1.33022e+00 3.60640e+00 1.55437e+01
1.21200e+01 1.33251e+00 3.62946e+00 1.55399e+01
1.21350e+01 1.37637e+00 3.64013e+00 1.55362e+01
1.21500e+01 1.34935e+00 3.63903e+00 1.55324e+01
1.21650e+01 1.33306e+00 3.62666e+00 1.55286e+01
1.21800e+01 1.35622e+00 3.60363e+00 1.55249e+01
1.21950e+01 1.37705e+00 3.56962e+00 1.55211e+01
1.22100e+01 1.36656e+00 3.52546e+00 1.55174e+01
1.22250e+01 1.33883e+00 3.47058e+00 1.55137e+01
1.22400e+01 1.34075e+00 3.40426e+00 1.55099e+01
1.22550e+01 1.34489e+00 3.32718e+00 1.55062e+01
1.22700e+01 1.33839e+00 3.23920e+00 1.55025e+01
1.22850e+01 1.34833e+00 3.14074e+00 1.54988e+01
1.23000e+01 1.33251e+00 3.03131e+00 1.54950e+01
1.23150e+01 1.33880e+00 2.91195e+00 1.54913e+01
1.23300e+01 1.35953e+00 2.78204e+00 1.54876e+01
1.23450e+01 1.35719e+00 2.64302e+00 1.54839e+01
1.23600e+01 1.33427e+00 2.49448e+00 1.54802e+01
1.23750e+01 1.34158e+00 2.33806e+00 1.54765e+01
1.23900e+01 1.33691e+00 2.17282e+00 1.54728e+01
1.24050e+01 1.35843e+00 2.00040e+00 1.54691e+01
1.24200e+01 1.35014e+00 1.82190e+00 1.54655e+01
1.24350e+01 1.35519e+00 1.63724e+00 1.54618e+01
1.24500e+01 1.34075e+00 1.44686e+00 1.54581e+01
1.24650e+01 1.34620e+00 1.25210e+00 1.54544e+01
1.24800e+01 1.38387e+00 1.05291e+00 1.54508e+01
1.24950e+01 1.34390e+00 8.50910e-01 1.54471e+01
1.25100e+01 1.33802e+00 6.46257e-01 1.54434e+01
1.25250e+01 1.35086e+00 4.40681e-01 1.54398e+01
1.25400e+01 1.36807e+00 2.33880e-01 1.54361e+01
1.25550e+01 1.36093e+00 2.68568e-02 1.54325e+01
1.25700e+01 1.36853e+00 -1.80670e-01 1.54289e+01
1.25850e+01 1.34808e+00 -3.86800e-01 1.54252e+01
1.26000e+01 1.37028e+00 -5.90724e-01 1.54216e+01
1.26150e+01 1.34885e+00 -7.92407e-01 1.54179e+01
1.26300e+01 1.36224e+00 -9.89361e-01 1.54143e+01
1.26450e+01 1.38876e+00 -1.18417e+00 1.54107e+01
1.26600e+01 1.36529e+00 -1.37457e+00 1.54071e+01
1.26750e+01 1.34247e+00 -1.55914e+00 1.54034e+01
1.26900e+01 1.33775e+00 -1.73775e+00 1.53998e+01
1.27050e+01 1.35879e+00 -1.91149e+00 1.53962e+01
1.27200e+01 1.34638e+00 -2.07745e+00 1.53926e+01
1.27350e+01 1.35210e+00 -2.23737e+00 1.53890e+01
1.27500e+01 1.34798e+00 -2.38910e+00 1.53854e+01
1.27650e+01 1.34116e+00 -2.53328e+00 1.53818e+01
1.27800e+01 1.34221e+00 -2.66843e+00 1.53782e+01
1.27950e+01 1.36090e+00 -2.79600e+00 1.53746e+01
1.28100e+01 1.37452e+00 -2.91316e+00 1.53710e+01
1.28250e+01 1.36171e+00 -3.02171e+00 1.53674e+01
1.28400e+01 1.38101e+00 -3.12037e+00 1.53639e+01
1.28550e+01 1.34961e+00 -3.20925e+00 1.53603e+01
1.28700e+01 1.34137e+00 -3.28784e+00 1.53567e+01
1.28850e+01 1.36675e+00 -3.35589e+00 1.53531e+01
1.29000e+01 1.34302e+00 -3.41351e+00 1.53496e+01
1.29150e+01 1.34975e+00 -3.46071e+00 1.53460e+01
1.29300e+01 1.36526e+00 -3.49729e+00 1.53424e+01
1.29450e+01 1.35804e+00 -3.52234e+00 1.53389e+01
1.29600e+01 1.36367e+00 -3.53695e+00 1.53353e+01
1.29750e+01 1.35298e+00 -3.54091e+00 1.53317e+01
1.29900e+01 1.38311e+00 -3.53439e+00 1.53282e+01
1.30050e+01 1.37831e+00 -3.51779e+00 1.53246e+01
1.30200e+01 1.35838e+00 -3.49125e+00 1.53211e+01
1.30350e+01 1.35145e+00 -3.45518e+00 1.53175e+01
1.30500e+01 1.35389e+00 -3.40967e+00 1.53140e+01
1.30650e+01 1.36239e+00 -3.35393e+00 1.53105e+01
1.30800e+01 1.37027e+00 -3.28873e+00 1.53069e+01
1.30950e+01 1.36701e+00 -3.21338e+00 1.53034e+01
1.31100e+01 1.35630e+00 -3.12819e+00 1.52999e+01
1.31250e+01 1.37641e+00 -3.03304e+00 1.52963e+01
1.31400e+01 1.37375e+00 -2.92827e+00 1.52928e+01
1.31550e+01 1.37353e+00 -2.81387e+00 1.52893e+01
1.31700e+01 1.36907e+00 -2.68997e+00 1.52857e+01
1.31850e+01 1.36225e+00 -2.55670e+00 1.52822e+01
1.32000e+01 1.35398e+00 -2.41579e+00 1.52787e+01
1.32150e+01 1.33751e+00 -2.26625e+00 1.52752e+01
1.32300e+01 1.35147e+00 -2.10954e+00 1.52717e+01
1.32450e+01 1.33885e+00 -1.94502e+00 1.52682e+01
1.32600e+01 1.36485e+00 -1.77433e+00 1.52647e+01
1.32750e+01 1.35657e+00 -1.59625e+00 1.52611e+01
1.32900e+01 1.35884e+00 -1.41320e+00 1.52576e+01
1.33050e+01 1.37457e+00 -1.22431e+00 1.52541e+01
1.33200e+01 1.37453e+00 -1.03160e+00 1.52506e+01
1.33350e+01 1.35669e+00 -8.34924e-01 1.52471e+01
1.33500e+01 1.36862e+00 -6.34852e-01 1.52436e+01
1.33650e+01 1.33566e+00 -4.31709e-01 1.52401e+01
1.33800e+01 1.37822e+00 -2.26930e-01 1.52366e+01
1.33950e+01 1.36975e+00 -2.03237e-02 1.52331e+01
1.34100e+01 1.36575e+00 1.85287e-01 1.52297e+01
1.34250e+01 1.35043e+00 3.91360e-01 1.52262e+01
1.34400e+01 1.38395e+00 5.95984e-01 1.52227e+01
1.34550e+01 1.38318e+00 7.99967e-01 1.52192e+01
1.34700e+01 1.34929e+00 1.00121e+00 1.52157e+01
1.34850e+01 1.37044e+00 1.20016e+00 1.52122e+01
1.35000e+01 1.36876e+00 1.39501e+00 1.52088e+01
1.35150e+01 1.34973e+00 1.58571e+00 1.52053e+01
1.35300e+01 1.35608e+00 1.77152e+00 1.52018e+01
1.35450e+01 1.36565e+00 1.95134e+00 1.51983e+01
1.35600e+01 1.37491e+00 2.12525e+00 1.51948e+01
1.35750e+01 1.37529e+00 2.29201e+00 1.51914e+01
1.35900e+01 1.37144e+00 2.45121e+00 1.51879e+01
1.36050e+01 1.36544e+00 2.60284e+00 1.51844e+01
1.36200e+01 1.37860e+00 2.74598e+00 1.51810e+01
1.36350e+01 1.37466e+00 2.88006e+00 1.51775e+01
1.36500e+01 1.36758e+00 3.00393e+00 1.51740e+01
1.36650e+01 1.36516e+00 3.11770e+00 1.51706e+01
1.36800e+01 1.35226e+00 3.22151e+00 1.51671e+01
1.36950e+01 1.36876e+00 3.31449e+00 1.51636e+01
1.37100e+01 1.36570e+00 3.39625e+00 1.51602e+01
1.37250e+01 1.36472e+00 3.46679e+00 1.51567e+01
1.37400e+01 1.39265e+00 3.52512e+00 1.51532e+01
1.37550e+01 1.37690e+00 3.57213e+00 1.51498e+01
1.37700e+01 1.36789e+00 3.60741e+00 1.51463e+01
1.37850e+01 1.36576e+00 3.63001e+00 1.51429e+01
1.38000e+01 1.37859e+00 3.64086e+00 1.51394e+01
1.38150e+01 1.36714e+00 3.63953e+00 1.51360e+01
1.38300e+01 1.37133e+00 3.62696e+00 1.51325e+01
1.38450e+01 1.37100e+00 3.60358e+00 1.51291e+01
1.38600e+01 1.38116e+00 3.56974e+00 1.51256e+01
1.38750e+01 1.35277e+00 3.52512e+00 1.51221e+01
1.38900e+01 1.38489e+00 3.46959e+00 1.51187e+01
1.39050e+01 1.40005e+00 3.40312e+00 1.51152e+01
1.39200e+01 1.37695e+00 3.32633e+00 1.51118e+01
1.39350e+01 1.37483e+00 3.23775e+00 1.51083e+01
1.39500e+01 1.37411e+00 3.13899e+00 1.51049e+01
1.39650e+01 1.36918e+00 3.02955e+00 1.51014e+01
1.39800e+01 1.37094e+00 2.90968e+00 1.50980e+01
1.39950e+01 1.37173e+00 2.77978e+00 1.50946e+01
1.40100e+01 1.37599e+00 2.64067e+00 1.50911e+01
1.40250e+01 1.36137e+00 2.49201e+00 1.50877e+01
1.40400e+01 1.41603e+00 2.33460e+00 1.50842e+01
1.40550e+01 1.37705e+00 2.16971e+00 1.50808e+01
1.40700e+01 1.36993e+00 1.99745e+00 1.50773e+01
1.40850e+01 1.37572e+00 1.81833e+00 1.50739e+01
1.41000e+01 1.37126e+00 1.63331e+00 1.50704e+01
1.41150e+01 1.36714e+00 1.44326e+00 1.50670e+01
1.41300e+01 1.38315e+00 1.24853e+00 1.50636e+01
1.41450e+01 1.37503e+00 1.04881e+00 1.50601e+01
1.41600e+01 1.38449e+00 8.47090e-01 1.50567e+01
1.41750e+01 1.38225e+00 6.42512e-01 1.50532e+01
1.41900e+01 1.39275e+00 4.36691e-01 1.50498e+01
1.42050e+01 1.37179e+00 2.29588e-01 1.50464e+01
1.42200e+01 1.36937e+00 2.24793e-02 1.50429e+01
1.42350e+01 1.36869e+00 -1.84675e-01 1.50395e+01
1.42500e+01 1.38946e+00 -3.90679e-01 1.50361e+01
1.42650e+01 1.35635e+00 -5.94101e-01 1.50326e+01
1.42800e+01 1.35121e+00 -7.96286e-01 1.50292e+01
1.42950e+01 1.37028e+00 -9.93464e-01 1.50258e+01
1.43100e+01 1.37478e+00 -1.18769e+00 1.50223e+01
1.43250e+01 1.40559e+00 -1.37790e+00 1.50189e+01
1.43400e+01 1.39559e+00 -1.56221e+00 1.50155e+01
1.43550e+01 1.40818e+00 -1.74104e+00 1.50120e+01
1.43700e+01 1.36492e+00 -1.91434e+00 1.50086e+01
1.43850e+01 1.38547e+00 -2.08078e+00 1.50052e+01
1.44000e+01 1.39441e+00 -2.24026e+00 1.50018e+01
1.44150e+01 1.37390e+00 -2.39241e+00 1.49983e+01
1.44300e+01 1.37407e+00 -2.53605e+00 1.49949e+01
1.44450e+01 1.38101e+00 -2.67098e+00 1.49915e+01
1.44600e+01 1.35455e+00 -2.79774e+00 1.49881e+01
1.44750e+01 1.38144e+00 -2.91570e+00 1.49847e+01
1.44900e+01 1.39194e+00 -3.02354e+00 1.49812e+01
1.45050e+01 1.38199e+00 -3.12253e+00 1.49778e+01
1.45200e+01 1.36472e+00 -3.21098e+00 1.49744e+01
1.45350e+01 1.36454e+00 -3.28928e+00 1.49710e+01
1.45500e+01 1.36691e+00 -3.35725e+00 1.49676e+01
1.45650e+01 1.38525e+00 -3.41498e+00 1.49642e+01
1.45800e+01 1.37457e+00 -3.46170e+00 1.49608e+01
1.45950e+01 1.38629e+00 -3.49720e+00 1.49574e+01
1.46100e+01 1.36214e+00 -3.52295e+00 1.49539e+01
1.46250e+01 1.38288e+00 -3.53681e+00 1.49505e+01
1.46400e+01 1.39385e+00 -3.54084e+00 1.49471e+01
1.46550e+01 1.38531e+00 -3.53374e+00 1.49437e+01
1.46700e+01 1.36636e+00 -3.51726e+00 1.49403e+01
1.46850e+01 1.37931e+00 -3.49050e+00 1.49369e+01
1.47000e+01 1.35096e+00 -3.45436e+00 1.49335e+01
1.47150e+01 1.36374e+00 -3.40838e+00 1.49301e+01
1.47300e+01 1.37776e+00 -3.35259e+00 1.49267e+01
1.47450e+01 1.37797e+00 -3.28724e+00 1.49234e+01
1.47600e+01 1.37174e+00 -3.21144e+00 1.49200e+01
1.47750e+01 1.37831e+00 -3.12621e+00 1.49166e+01
1.47900e+01 1.41609e+00 -3.03083e+00 1.49132e+01
1.48050e+01 1.38166e+00 -2.92576e+00 1.49098e+01
1.48200e+01 1.36614e+00 -2.81111e+00 1.49064e+01
1.48350e+01 1.40163e+00 -2.68721e+00 1.49030e+01
1.48500e+01 1.38578e+00 -2.55469e+00 1.48996e+01
1.48650e+01 1.38782e+00 -2.41304e+00 1.48963e+01
1.48800e+01 1.36891e+00 -2.26357e+00 1.48929e+01
1.48950e+01 1.36976e+00 -2.10658e+00 1.48895e+01
1.49100e+01 1.39428e+00 -1.94198e+00 1.48861e+01
1.49250e+01 1.35769e+00 -1.77058e+00 1.48827e+01
1.49400e+01 1.38691e+00 -1.59313e+00 1.48794e+01
1.49550e+01 1.38345e+00 -1.40959e+00 1.48760e+01
1.49700e+01 1.37048e+00 -1.22070e+00 1.48726e+01
1.49850e+01 1.37861e+00 -1.02796e+00 1.48693e+01
1.50000e+01 1.36763e+00 -8.31107e-01 1.48659e+01
1.50150e+01 1.35607e+00 -6.30367e-01 1.48625e+01
1.50300e+01 1.35630e+00 -4.28091e-01 1.48592e+01
1.50450e+01 1.36694e+00 -2.23121e-01 1.48558e+01
1.50600e+01 1.37479e+00 -1.64383e-02 1.48525e+01
1.50750e+01 1.37794e+00 1.89560e-01 1.48491e+01
1.50900e+01 1.39290e+00 3.95259e-01 1.48458e+01
1.51050e+01 1.40953e+00 6.00446e-01 1.48424e+01
1.51200e+01 1.36638e+00 8.03974e-01 1.48391e+01
1.51350e+01 1.39637e+00 1.00490e+00 1.48357e+01
1.51500e+01 1.37583e+00 1.20415e+00 1.48324e+01
1.51650e+01 1.35823e+00 1.39899e+00 1.48290e+01
1.51800e+01 1.36776e+00 1.58950e+00 1.48257e+01
1.51950e+01 1.38566e+00 1.77496e+00 1.48223e+01
1.52100e+01 1.37306e+00 1.95510e+00 1.48190e+01
1.52250e+01 1.36924e+00 2.12902e+00 1.48157e+01
1.52400e+01 1.36005e+00 2.29526e+00 1.48123e+01
1.52550e+01 1.35960e+00 2.45435e+00 1.48090e+01
1.52700e+01 1.38309e+00 2.60623e+00 1.48057e+01
1.52850e+01 1.37641e+00 2.74861e+00 1.48023e+01
1.53000e+01 1.38596e+00 2.88221e+00 1.47990e+01
1.53150e+01 1.37949e+00 3.00613e+00 1.47957e+01
1.53300e+01 1.36723e+00 3.11985e+00 1.47924e+01
1.53450e+01 1.37354e+00 3.22320e+00 1.47891e+01
1.53600e+01 1.37635e+00 3.31644e+00 1.47857e+01
1.53750e+01 1.35111e+00 3.39787e+00 1.47824e+01
1.53900e+01 1.37935e+00 3.46817e+00 1.47791e+01
1.54050e+01 1.38385e+00 3.52630e+00 1.47758e+01
1.54200e+01 1.38357e+00 3.57296e+00 1.47725e+01
1.54350e+01 1.38188e+00 3.60785e+00 1.47692e+01
1.54500e+01 1.36653e+00 3.63035e+00 1.47659e+01
1.54650e+01 1.36347e+00 3.64070e+00 1.47626e+01
1.54800e+01 1.36114e+00 3.63904e+00 1.47593e+01
1.54950e+01 1.38981e+00 3.62622e+00 1.47560e+01
1.55100e+01 1.38644e+00 3.60298e+00 1.47527e+01
1.55250e+01 1.37035e+00 3.56852e+00 1.47494e+01
1.55400e+01 1.39605e+00 3.52377e+00 1.47461e+01
1.55550e+01 1.39368e+00 3.46802e+00 1.47429e+01
1.55700e+01 1.39741e+00 3.40148e+00 1.47396e+01
1.55850e+01 1.37701e+00 3.32432e+00 1.47363e+01
1.56000e+01 1.36656e+00 3.23588e+00 1.47330e+01
1.56150e+01 1.36014e+00 3.13673e+00 1.47298e+01
1.56300e+01 1.36407e+00 3.02697e+00 1.47265e+01
1.56450e+01 1.39099e+00 2.90710e+00 1.47232e+01
1.56600e+01 1.37062e+00 2.77721e+00 1.47199e+01
1.56750e+01 1.38591e+00 2.63757e+00 1.47167e+01
1.56900e+01 1.37487e+00 2.48892e+00 1.47134e+01
1.57050e+01 1.38308e+00 2.33161e+00 1.47102e+01
1.57200e+01 1.38710e+00 2.16648e+00 1.47069e+01
1.57350e+01 1.39247e+00 1.99386e+00 1.47037e+01
1.57500e+01 1.37520e+00 1.81502e+00 1.47004e+01
1.57650e+01 1.38493e+00 1.63008e+00 1.46972e+01
1.57800e+01 1.39708e+00 1.43954e+00 1.46939e+01
1.57950e+01 1.36145e+00 1.24452e+00 1.46907e+01
1.58100e+01 1.39887e+00 1.04496e+00 1.46874e+01
1.58250e+01 1.39074e+00 8.43258e-01 1.46842e+01
1.58400e+01 1.36690e+00 6.39098e-01 1.46810e+01
1.58550e+01 1.38875e+00 4.33054e-01 1.46777e+01
1.58700e+01 1.38221e+00 2.25933e-01 1.46745e+01
1.58850e+01 1.39108e+00 1.85647e-02 1.46713e+01
1.59000e+01 1.37476e+00 -1.88923e-01 1.46681e+01
1.59150e+01 1.37902e+00 -3.94404e-01 1.46648e+01
1.59300e+01 1.38802e+00 -5.97393e-01 1.46616e+01
1.59450e+01 1.38606e+00 -7.98223e-01 1.46584e+01
1.59600e+01 1.35432e+00 -9.96037e-01 1.46552e+01
1.59750e+01 1.37332e+00 -1.19100e+00 1.46520e+01
1.59900e+01 1.40131e+00 -1.38158e+00 1.46488e+01
1.60050e+01 1.38512e+00 -1.56603e+00 1.46456e+01
1.60200e+01 1.37282e+00 -1.74477e+00 1.46424e+01
1.60350e+01 1.39052e+00 -1.91744e+00 1.46392e+01
1.60500e+01 1.39759e+00 -2.08377e+00 1.46360e+01
1.60650e+01 1.35942e+00 -2.24315e+00 1.46328e+01
1.60800e+01 1.37109e+00 -2.39497e+00 1.46296e+01
1.60950e+01 1.36862e+00 -2.53899e+00 1.46264e+01
1.61100e+01 1.37286e+00 -2.67377e+00 1.46232e+01
1.61250e+01 1.37489e+00 -2.80008e+00 1.46200e+01
1.61400e+01 1.38892e+00 -2.91739e+00 1.46168e+01
1.61550e+01 1.38223e+00 -3.02503e+00 1.46136e+01
1.61700e+01 1.37166e+00 -3.12388e+00 1.46105e+01
1.61850e+01 1.38335e+00 -3.21223e+00 1.46073e+01
1.62000e+01 1.38632e+00 -3.29066e+00 1.46041e+01
1.62150e+01 1.38405e+00 -3.35813e+00 1.46009e+01
1.62300e+01 1.37019e+00 -3.41579e+00 1.45978e+01
1.62450e+01 1.37036e+00 -3.46201e+00 1.45946e+01
1.62600e+01 1.36208e+00 -3.49815e+00 1.45914e+01
1.62750e+01 1.37183e+00 -3.52293e+00 1.45883e+01
1.62900e+01 1.37977e+00 -3.53726e+00 1.45851e+01
1.63050e+01 1.37355e+00 -3.54138e+00 1.45820e+01
1.63200e+01 1.38356e+00 -3.53427e+00 1.45788e+01
1.63350e+01 1.39968e+00 -3.51749e+00 1.45757e+01
1.63500e+01 1.37541e+00 -3.49066e+00 1.45725e+01
1.63650e+01 1.37845e+00 -3.45427e+00 1.45694e+01
1.63800e+01 1.37477e+00 -3.40807e+00 1.45662e+01
1.63950e+01 1.36939e+00 -3.35196e+00 1.45631e+01
1.64100e+01 1.36614e+00 -3.28630e+00 1.45599e+01
1.64250e+01 1.38309e+00 -3.21060e+00 1.45568e+01
1.64400e+01 1.38567e+00 -3.12504e+00 1.45536e+01
1.64550e+01 1.39777e+00 -3.02964e+00 1.45505e+01
1.64700e+01 1.38766e+00 -2.92442e+00 1.45474e+01
1.64850e+01 1.38909e+00 -2.80948e+00 1.45442e+01
1.65000e+01 1.38788e+00 -2.68520e+00 1.45411e+01
1.65150e+01 1.38496e+00 -2.55235e+00 1.45380e+01
1.65300e+01 1.36991e+00 -2.41117e+00 1.45349e+01
1.65450e+01 1.39248e+00 -2.26129e+00 1.45317e+01
1.65600e+01 1.37800e+00 -2.10326e+00 1.45286e+01
1.65750e+01 1.36839e+00 -1.93831e+00 1.45255e+01
1.65900e+01 1.39299e+00 -1.76775e+00 1.45224e+01
1.66050e+01 1.37563e+00 -1.58992e+00 1.45193e+01
1.66200e+01 1.38813e+00 -1.40660e+00 1.45162e+01
1.66350e+01 1.37539e+00 -1.21747e+00 1.45131e+01
1.66500e+01 1.38460e+00 -1.02412e+00 1.45100e+01
1.66650e+01 1.35307e+00 -8.26614e-01 1.45069e+01
1.66800e+01 1.38198e+00 -6.27113e-01 1.45037e+01
1.66950e+01 1.37626e+00 -4.24292e-01 1.45006e+01
1.67100e+01 1.34483e+00 -2.19173e-01 1.44975e+01
1.67250e+01 1.37312e+00 -1.27002e-02 1.44945e+01
1.67400e+01 1.39181e+00 1.93390e-01 1.44914e+01
1.67550e+01 1.39742e+00 3.99087e-01 1.44883e+01
1.67700e+01 1.38251e+00 6.04260e-01 1.44852e+01
1.67850e+01 1.36996e+00 8.07691e-01 1.44821e+01
1.68000e+01 1.37060e+00 1.00889e+00 1.44790e+01
1.68150e+01 1.37546e+00 1.20798e+00 1.44759e+01
1.68300e+01 1.36431e+00 1.40238e+00 1.44728e+01
1.68450e+01 1.36225e+00 1.59303e+00 1.44698e+01
1.68600e+01 1.35578e+00 1.77870e+00 1.44667e+01
1.68750e+01 1.37838e+00 1.95835e+00 1.44636e+01
1.68900e+01 1.41427e+00 2.13200e+00 1.44605e+01
1.69050e+01 1.36109e+00 2.29839e+00 1.44575e+01
1.69200e+01 1.36551e+00 2.45732e+00 1.44544e+01
1.69350e+01 1.38795e+00 2.60888e+00 1.44513e+01
1.69500e+01 1.36888e+00 2.75125e+00 1.44483e+01
1.69650e+01 1.39183e+00 2.88482e+00 1.44452e+01
1.69800e+01 1.37708e+00 3.00808e+00 1.44421e+01
1.69950e+01 1.38682e+00 3.12191e+00 1.44391e+01
1.70100e+01 1.39492e+00 3.22514e+00 1.44360e+01
1.70250e+01 1.36238e+00 3.31775e+00 1.44330e+01
1.70400e+01 1.39092e+00 3.39900e+00 1.44299e+01
1.70550e+01 1.37676e+00 3.46920e+00 1.44268e+01
1.70700e+01 1.37408e+00 3.52755e+00 1.44238e+01
1.70850e+01 1.40804e+00 3.57390e+00 1.44207e+01
1.71000e+01 1.38894e+00 3.60829e+00 1.44177e+01
1.71150e+01 1.35098e+00 3.63014e+00 1.44147e+01
1.71300e+01 1.35676e+00 3.64058e+00 1.44116e+01
1.71450e+01 1.37913e+00 3.63921e+00 1.44086e+01
1.71600e+01 1.38192e+00 3.62627e+00 1.44055e+01
1.71750e+01 1.38013e+00 3.60234e+00 1.44025e+01
1.71900e+01 1.37139e+00 3.56802e+00 1.43995e+01
1.72050e+01 1.37915e+00 3.52294e+00 1.43964e+01
1.72200e+01 1.38875e+00 3.46733e+00 1.43934e+01
1.72350e+01 1.37483e+00 3.40029e+00 1.43904e+01
1.72500e+01 1.38756e+00 3.32309e+00 1.43873e+01
1.72650e+01 1.37974e+00 3.23426e+00 1.43843e+01
1.72800e+01 1.39208e+00 3.13508e+00 1.43813e+01
1.72950e+01 1.38540e+00 3.02511e+00 1.43783e+01
1.73100e+01 1.37814e+00 2.90514e+00 1.43752e+01
1.73250e+01 1.36535e+00 2.77489e+00 1.43722e+01
1.73400e+01 1.36989e+00 2.63519e+00 1.43692e+01
1.73550e+01 1.36895e+00 2.48617e+00 1.43662e+01
1.73700e+01 1.38037e+00 2.32862e+00 1.43632e+01
1.73850e+01 1.41737e+00 2.16339e+00 1.43601e+01
1.74000e+01 1.39605e+00 1.99066e+00 1.43571e+01
1.74150e+01 1.37987e+00 1.81155e+00 1.43541e+01
1.74300e+01 1.37284e+00 1.62663e+00 1.43511e+01
1.74450e+01 1.39396e+00 1.43647e+00 1.43481e+01
1.74600e+01 1.37381e+00 1.24104e+00 1.43451e+01
1.74750e+01 1.36155e+00 1.04148e+00 1.43421e+01
1.74900e+01 1.37805e+00 8.39770e-01 1.43391e+01
1.75050e+01 1.37239e+00 6.35303e-01 1.43361e+01
1.75200e+01 1.37620e+00 4.29559e-01 1.43331e+01
1.75350e+01 1.37690e+00 2.22636e-01 1.43301e+01
1.75500e+01 1.37489e+00 1.49997e-02 1.43271e+01
1.75650e+01 1.35759e+00 -1.92026e-01 1.43241e+01
1.75800e+01 1.36842e+00 -3.97826e-01 1.43211e+01
1.75950e+01 1.38367e+00 -6.01535e-01 1.43181e+01
1.76100e+01 1.37204e+00 -8.01914e-01 1.43152e+01
1.76250e+01 1.36765e+00 -1.00009e+00 1.43122e+01
1.76400e+01 1.38651e+00 -1.19472e+00 1.43092e+01
1.76550e+01 1.34639e+00 -1.38521e+00 1.43062e+01
1.76700e+01 1.37663e+00 -1.56965e+00 1.43032e+01
1.76850e+01 1.38732e+00 -1.74775e+00 1.43002e+01
1.77000e+01 1.35811e+00 -1.92019e+00 1.42973e+01
1.77150e+01 1.35773e+00 -2.08596e+00 1.42943e+01
1.77300e+01 1.37671e+00 -2.24585e+00 1.42913e+01
1.77450e+01 1.36198e+00 -2.39787e+00 1.42884e+01
1.77600e+01 1.35093e+00 -2.54122e+00 1.42854e+01
1.77750e+01 1.36479e+00 -2.67602e+00 1.42824e+01
1.77900e+01 1.37646e+00 -2.80234e+00 1.42794e+01
1.78050e+01 1.36913e+00 -2.91948e+00 1.42765e+01
1.78200e+01 1.36952e+00 -3.02671e+00 1.42735e+01
1.78350e+01 1.39310e+00 -3.12596e+00 1.42706e+01
1.78500e+01 1.40243e+00 -3.21435e+00 1.42676e+01
1.78650e+01 1.35737e+00 -3.29211e+00 1.42646e+01
1.78800e+01 1.36445e+00 -3.35940e+00 1.42617e+01
1.78950e+01 1.37740e+00 -3.41644e+00 1.42587e+01
1.79100e+01 1.35928e+00 -3.46240e+00 1.42558e+01
1.79250e+01 1.36950e+00 -3.49851e+00 1.42528e+01
1.79400e+01 1.36331e+00 -3.52376e+00 1.42499e+01
1.79550e+01 1.37617e+00 -3.53752e+00 1.42469e+01
1.79700e+01 1.36181e+00 -3.54104e+00 1.42440e+01
1.79850e+01 1.37378e+00 -3.53340e+00 1.42411e+01
1.80000e+01 1.39706e+00 -3.51636e+00 1.42381e+01
1.80150e+01 1.39264e+00 -3.48938e+00 1.42352e+01
1.80300e+01 1.37893e+00 -3.45307e+00 1.42322e+01
1.80450e+01 1.38127e+00 -3.40659e+00 1.42293e+01
1.80600e+01 1.34643e+00 -3.35062e+00 1.42264e+01
1.80750e+01 1.35196e+00 -3.28451e+00 1.42235e+01
1.80900e+01 1.37190e+00 -3.20880e+00 1.42205e+01
1.81050e+01 1.37436e+00 -3.12285e+00 1.42176e+01
1.81200e+01 1.38039e+00 -3.02742e+00 1.42147e+01
1.81350e+01 1.36665e+00 -2.92198e+00 1.42118e+01
1.81500e+01 1.38259e+00 -2.80688e+00 1.42088e+01
1.81650e+01 1.37042e+00 -2.68228e+00 1.42059e+01
1.81800e+01 1.37222e+00 -2.54946e+00 1.42030e+01
1.81950e+01 1.38293e+00 -2.40771e+00 1.42001e+01
1.82100e+01 1.36442e+00 -2.25769e+00 1.41972e+01
1.82250e+01 1.36774e+00 -2.09935e+00 1.41943e+01
1.82400e+01 1.37617e+00 -1.93488e+00 1.41914e+01
1.82550e+01 1.35731e+00 -1.76437e+00 1.41884e+01
1.82700e+01 1.38127e+00 -1.58628e+00 1.41855e+01
1.82850e+01 1.37866e+00 -1.40233e+00 1.41826e+01
1.83000e+01 1.38343e+00 -1.21393e+00 1.41797e+01
1.83150e+01 1.38622e+00 -1.02050e+00 1.41768e+01
1.83300e+01 1.37542e+00 -8.23421e-01 1.41739e+01
1.83450e+01 1.35977e+00 -6.23496e-01 1.41711e+01
1.83600e+01 1.35254e+00 -4.19896e-01 1.41682e+01
1.83750e+01 1.38227e+00 -2.15459e-01 1.41653e+01
1.83900e+01 1.36759e+00 -8.32383e-03 1.41624e+01
1.84050e+01 1.36215e+00 1.97181e-01 1.41595e+01
1.84200e+01 1.35759e+00 4.03510e-01 1.41566e+01
1.84350e+01 1.37100e+00 6.07703e-01 1.41537e+01
1.84500e+01 1.36874e+00 8.11592e-01 1.41509e+01
1.84650e+01 1.34817e+00 1.01280e+00 1.41480e+01
1.84800e+01 1.37349e+00 1.21147e+00 1.41451e+01
1.84950e+01 1.34557e+00 1.40593e+00 1.41422e+01
1.85100e+01 1.34418e+00 1.59636e+00 1.41394e+01
1.85250e+01 1.35257e+00 1.78169e+00 1.41365e+01
1.85400e+01 1.39022e+00 1.96174e+00 1.41336e+01
1.85550e+01 1.34546e+00 2.13543e+00 1.41308e+01
1.85700e+01 1.35996e+00 2.30176e+00 1.41279e+01
1.85850e+01 1.35124e+00 2.46031e+00 1.41250e+01
1.86000e+01 1.36294e+00 2.61164e+00 1.41222e+01
1.86150e+01 1.33384e+00 2.75409e+00 1.41193e+01
1.86300e+01 1.37496e+00 2.88723e+00 1.41165e+01
1.86450e+01 1.37708e+00 3.01079e+00 1.41136e+01
1.86600e+01 1.33130e+00 3.12428e+00 1.41108e+01
1.86750e+01 1.35111e+00 3.22719e+00 1.41079e+01
1.86900e+01 1.36675e+00 3.31959e+00 1.41051e+01
1.87050e+01 1.36673e+00 3.40036e+00 1.41022e+01
1.87200e+01 1.37405e+00 3.47041e+00 1.40994e+01
1.87350e+01 1.37716e+00 3.52850e+00 1.40965e+01
1.87500e+01 1.38639e+00 3.57460e+00 1.40937e+01
1.87650e+01 1.36017e+00 3.60872e+00 1.40909e+01
1.87800e+01 1.37990e+00 3.63077e+00 1.40880e+01
1.87950e+01 1.35270e+00 3.64024e+00 1.40852e+01
1.88100e+01 1.36364e+00 3.63862e+00 1.40824e+01
1.88250e+01 1.35704e+00 3.62564e+00 1.40796e+01
1.88400e+01 1.37319e+00 3.60201e+00 1.40767e+01
1.88550e+01 1.36649e+00 3.56700e+00 1.40739e+01
1.88700e+01 1.36733e+00 3.52213e+00 1.40711e+01
1.88850e+01 1.37570e+00 3.46629e+00 1.40683e+01
1.89000e+01 1.36910e+00 3.39917e+00 1.40655e+01
1.89150e+01 1.35338e+00 3.32160e+00 1.40626e+01
1.89300e+01 1.39338e+00 3.23220e+00 1.40598e+01
1.89450e+01 1.36686e+00 3.13292e+00 1.40570e+01
1.89600e+01 1.34310e+00 3.02304e+00 1.40542e+01
1.89750e+01 1.35021e+00 2.90250e+00 1.40514e+01
1.89900e+01 1.33926e+00 2.77236e+00 1.40486e+01
1.90050e+01 1.37410e+00 2.63253e+00 1.40458e+01
1.90200e+01 1.37753e+00 2.48357e+00 1.40430e+01
1.90350e+01 1.37505e+00 2.32609e+00 1.40402e+01
1.90500e+01 1.37009e+00 2.16067e+00 1.40374e+01
1.90650e+01 1.34772e+00 1.98752e+00 1.40346e+01
1.90800e+01 1.37544e+00 1.80819e+00 1.40319e+01
1.90950e+01 1.38173e+00 1.62294e+00 1.40291e+01
1.91100e+01 1.31325e+00 1.43264e+00 1.40263e+01
1.91250e+01 1.34117e+00 1.23805e+00 1.40235e+01
1.91400e+01 1.34527e+00 1.03832e+00 1.40207e+01
1.91550e+01 1.37207e+00 8.36377e-01 1.40180e+01
1.91700e+01 1.36516e+00 6.31625e-01 1.40152e+01
1.91850e+01 1.36874e+00 4.25919e-01 1.40124e+01
1.92000e+01 1.35257e+00 2.18654e-01 1.40096e+01
1.92150e+01 1.36215e+00 1.13640e-02 1.40069e+01
1.92300e+01 1.35077e+00 -1.96054e-01 1.40041e+01
1.92450e+01 1.38461e+00 -4.02073e-01 1.40014e+01
1.92600e+01 1.37586e+00 -6.05354e-01 1.39986e+01
1.92750e+01 1.33762e+00 -8.06515e-01 1.39958e+01
1.92900e+01 1.35410e+00 -1.00376e+00 1.39931e+01
1.93050e+01 1.35704e+00 -1.19820e+00 1.39903e+01
1.93200e+01 1.36477e+00 -1.38778e+00 1.39876e+01
1.93350e+01 1.37048e+00 -1.57258e+00 1.39848e+01
1.93500e+01 1.37443e+00 -1.75154e+00 1.39821e+01
1.93650e+01 1.35547e+00 -1.92366e+00 1.39793e+01
1.93800e+01 1.37031e+00 -2.08955e+00 1.39766e+01
1.93950e+01 1.36872e+00 -2.24887e+00 1.39739e+01
1.94100e+01 1.36121e+00 -2.39977e+00 1.39711e+01
1.94250e+01 1.34470e+00 -2.54364e+00 1.39684e+01
1.94400e+01 1.31966e+00 -2.67866e+00 1.39656e+01
1.94550e+01 1.36710e+00 -2.80459e+00 1.39629e+01
1.94700e+01 1.36616e+00 -2.92140e+00 1.39602e+01
1.94850e+01 1.37710e+00 -3.02938e+00 1.39575e+01
1.95000e+01 1.35887e+00 -3.12722e+00 1.39547e+01
1.95150e+01 1.37083e+00 -3.21544e+00 1.39520e+01
1.95300e+01 1.37268e+00 -3.29276e+00 1.39493e+01
1.95450e+01 1.35312e+00 -3.36035e+00 1.39466e+01
1.95600e+01 1.33795e+00 -3.41713e+00 1.39438e+01
1.95750e+01 1.36114e+00 -3.46317e+00 1.39411e+01
1.95900e+01 1.35683e+00 -3.49874e+00 1.39384e+01
1.96050e+01 1.38192e+00 -3.52358e+00 1.39357e+01
1.96200e+01 1.37213e+00 -3.53752e+00 1.39330e+01
1.96350e+01 1.36154e+00 -3.54078e+00 1.39303e+01
1.96500e+01 1.37041e+00 -3.53299e+00 1.39276e+01
1.96650e+01 1.37693e+00 -3.51557e+00 1.39249e+01
1.96800e+01 1.34633e+00 -3.48835e+00 1.39222e+01
1.96950e+01 1.35020e+00 -3.45180e+00 1.39195e+01
1.97100e+01 1.33924e+00 -3.40538e+00 1.39168e+01
1.97250e+01 1.34799e+00 -3.34921e+00 1.39141e+01
1.97400e+01 1.35582e+00 -3.28310e+00 1.39114e+01
1.97550e+01 1.35908e+00 -3.20691e+00 1.39087e+01
1.97700e+01 1.34844e+00 -3.12102e+00 1.39060e+01
1.97850e+01 1.37375e+00 -3.02510e+00 1.39033e+01
1.98000e+01 1.35261e+00 -2.91973e+00 1.39006e+01
1.98150e+01 1.35205e+00 -2.80473e+00 1.38980e+01
1.98300e+01 1.35601e+00 -2.68010e+00 1.38953e+01
1.98450e+01 1.36967e+00 -2.54707e+00 1.38926e+01
1.98600e+01 1.35254e+00 -2.40466e+00 1.38899e+01
1.98750e+01 1.34573e+00 -2.25503e+00 1.38872e+01
1.98900e+01 1.33574e+00 -2.09685e+00 1.38846e+01
1.99050e+01 1.36707e+00 -1.93193e+00 1.38819e+01
1.99200e+01 1.34924e+00 -1.76091e+00 1.38792e+01
1.99350e+01 1.34256e+00 -1.58303e+00 1.38765e+01
1.99500e+01 1.34733e+00 -1.39921e+00 1.38739e+01
1.99650e+01 1.34500e+00 -1.21032e+00 1.38712e+01
1.99800e+01 1.35179e+00 -1.01670e+00 1.38685e+01
1.99950e+01 1.33800e+00 -8.18990e-01 1.38659e+01
2.00100e+01 1.36732e+00 -6.19384e-01 1.38632e+01
2.00250e+01 1.34339e+00 -4.16704e-01 1.38605e+01
2.00400e+01 1.36826e+00 -2.11632e-01 1.38579e+01
2.00550e+01 1.35776e+00 -5.24702e-03 1.38552e+01
2.00700e+01 1.36304e+00 2.01853e-01 1.38526e+01
2.00850e+01 1.35643e+00 4.07234e-01 1.38499e+01
2.01000e+01 1.37410e+00 6.11914e-01 1.38473e+01
2.01150e+01 1.36617e+00 8.15359e-01 1.38446e+01
2.01300e+01 1.36464e+00 1.01655e+00 1.38420e+01
2.01450e+01 1.35402e+00 1.21514e+00 1.38393e+01
2.01600e+01 1.34437e+00 1.40984e+00 1.38367e+01
2.01750e+01 1.34675e+00 1.60026e+00 1.38340e+01
2.01900e+01 1.33908e+00 1.78549e+00 1.38314e+01
2.02050e+01 1.34749e+00 1.96531e+00 1.38287e+01
2.02200e+01 1.35455e+00 2.13849e+00 1.38261e+01
2.02350e+01 1.33787e+00 2.30479e+00 1.38235e+01
2.02500e+01 1.34903e+00 2.46309e+00 1.38208e+01
2.02650e+01 1.35524e+00 2.61452e+00 1.38182e+01
2.02800e+01 1.35231e+00 2.75663e+00 1.38156e+01
2.02950e+01 1.34312e+00 2.88941e+00 1.38129e+01
2.03100e+01 1.35129e+00 3.01302e+00 1.38103e+01
2.03250e+01 1.35527e+00 3.12611e+00 1.38077e+01
2.03400e+01 1.33968e+00 3.22886e+00 1.38050e+01
2.03550e+01 1.33468e+00 3.32130e+00 1.38024e+01
2.03700e+01 1.35542e+00 3.40204e+00 1.37998e+01
2.03850e+01 1.36199e+00 3.47181e+00 1.37972e+01
2.04000e+01 1.37424e+00 3.52945e+00 1.37945e+01
2.04150e+01 1.37487e+00 3.57554e+00 1.37919e+01
2.04300e+01 1.35826e+00 3.60938e+00 1.37893e+01
2.04450e+01 1.36792e+00 3.63095e+00 1.37867e+01
2.04600e+01 1.34704e+00 3.64087e+00 1.37841e+01
2.04750e+01 1.36478e+00 3.63868e+00 1.37814e+01
2.04900e+01 1.36333e+00 3.62530e+00 1.37788e+01
2.05050e+01 1.34007e+00 3.60138e+00 1.37762e+01
2.05200e+01 1.35685e+00 3.56638e+00 1.37736e+01
2.05350e+01 1.37339e+00 3.52101e+00 1.37710e+01
2.05500e+01 1.35605e+00 3.46504e+00 1.37684e+01
2.05650e+01 1.35965e+00 3.39775e+00 1.37658e+01
2.05800e+01 1.35579e+00 3.32000e+00 1.37632e+01
2.05950e+01 1.37813e+00 3.23082e+00 1.37606e+01
2.06100e+01 1.35445e+00 3.13124e+00 1.37579e+01
2.06250e+01 1.35259e+00 3.02100e+00 1.37553e+01
2.06400e+01 1.34847e+00 2.90031e+00 1.37527e+01
2.06550e+01 1.35436e+00 2.77006e+00 1.37501e+01
2.06700e+01 1.35592e+00 2.62997e+00 1.37475e+01
2.06850e+01 1.35573e+00 2.48067e+00 1.37449e+01
2.07000e+01 1.36372e+00 2.32296e+00 1.37423e+01
2.07150e+01 1.35262e+00 2.15737e+00 1.37397e+01
2.07300e+01 1.36713e+00 1.98433e+00 1.37371e+01
2.07450e+01 1.36606e+00 1.80486e+00 1.37346e+01
2.07600e+01 1.37721e+00 1.61947e+00 1.37320e+01
2.07750e+01 1.34324e+00 1.42899e+00 1.37294e+01
2.07900e+01 1.32407e+00 1.23363e+00 1.37268e+01
2.08050e+01 1.33608e+00 1.03408e+00 1.37242e+01
2.08200e+01 1.35442e+00 8.31919e-01 1.37216e+01
2.08350e+01 1.34988e+00 6.27564e-01 1.37190e+01
2.08500e+01 1.37307e+00 4.22013e-01 1.37164e+01
2.08650e+01 1.32140e+00 2.15189e-01 1.37138e+01
2.08800e+01 1.33988e+00 7.26120e-03 1.37112e+01
2.08950e+01 1.34955e+00 -2.00215e-01 1.37087e+01
2.09100e+01 1.34077e+00 -4.05976e-01 1.37061e+01
2.09250e+01 1.35118e+00 -6.09047e-01 1.37035e+01
2.09400e+01 1.35034e+00 -8.09683e-01 1.37009e+01
2.09550e+01 1.33074e+00 -1.00729e+00 1.36983e+01
2.09700e+01 1.34858e+00 -1.20236e+00 1.36958e+01
2.09850e+01 1.33221e+00 -1.39213e+00 1.36932e+01
2.10000e+01 1.34123e+00 -1.57662e+00 1.36906e+01
2.10150e+01 1.34438e+00 -1.75444e+00 1.36880e+01
2.10300e+01 1.35179e+00 -1.92676e+00 1.36855e+01
2.10450e+01 1.35471e+00 -2.09221e+00 1.36829e+01
2.10600e+01 1.32925e+00 -2.25136e+00 1.36803e+01
2.10750e+01 1.33653e+00 -2.40297e+00 1.36777e+01
2.10900e+01 1.31123e+00 -2.54610e+00 1.36752e+01
2.11050e+01 1.31705e+00 -2.68079e+00 1.36726e+01
2.11200e+01 1.34665e+00 -2.80681e+00 1.36700e+01
2.11350e+01 1.33886e+00 -2.92325e+00 1.36675e+01
2.11500e+01 1.35929e+00 -3.03093e+00 1.36649e+01
2.11650e+01 1.35407e+00 -3.12846e+00 1.36623e+01
2.11800e+01 1.36504e+00 -3.21626e+00 1.36598e+01
2.11950e+01 1.36192e+00 -3.29439e+00 1.36572e+01
2.12100e+01 1.32810e+00 -3.36127e+00 1.36546e+01
2.12250e+01 1.33601e+00 -3.41828e+00 1.36521e+01
2.12400e+01 1.34859e+00 -3.46416e+00 1.36495e+01
2.12550e+01 1.35161e+00 -3.49937e+00 1.36470e+01
2.12700e+01 1.35099e+00 -3.52364e+00 1.36444e+01
2.12850e+01 1.34709e+00 -3.53724e+00 1.36419e+01
2.13000e+01 1.35012e+00 -3.53985e+00 1.36393e+01
2.13150e+01 1.35414e+00 -3.53215e+00 1.36368e+01
2.13300e+01 1.35962e+00 -3.51486e+00 1.36342e+01
2.13450e+01 1.34008e+00 -3.48748e+00 1.36317e+01
2.13600e+01 1.33839e+00 -3.45056e+00 1.36291e+01
2.13750e+01 1.32775e+00 -3.40412e+00 1.36266e+01
2.13900e+01 1.34469e+00 -3.34759e+00 1.36240e+01
2.14050e+01 1.31705e+00 -3.28135e+00 1.36215e+01
2.14200e+01 1.34628e+00 -3.20505e+00 1.36190e+01
2.14350e+01 1.32609e+00 -3.11895e+00 1.36164e+01
2.14500e+01 1.33198e+00 -3.02296e+00 1.36139e+01
2.14650e+01 1.37540e+00 -2.91753e+00 1.36114e+01
2.14800e+01 1.36871e+00 -2.80237e+00 1.36088e+01
2.14950e+01 1.35138e+00 -2.67749e+00 1.36063e+01
2.15100e+01 1.31952e+00 -2.54348e+00 1.36038e+01
2.15250e+01 1.36098e+00 -2.40168e+00 1.36012e+01
2.15400e+01 1.35563e+00 -2.25154e+00 1.35987e+01
2.15550e+01 1.31326e+00 -2.09344e+00 1.35962e+01
2.15700e+01 1.32789e+00 -1.92862e+00 1.35937e+01
2.15850e+01 1.35461e+00 -1.75717e+00 1.35911e+01
2.16000e+01 1.33463e+00 -1.57936e+00 1.35886e+01
2.16150e+01 1.32914e+00 -1.39537e+00 1.35861e+01
2.16300e+01 1.35440e+00 -1.20651e+00 1.35836e+01
2.16450e+01 1.35597e+00 -1.01257e+00 1.35811e+01
2.16600e+01 1.34800e+00 -8.15494e-01 1.35786e+01
2.16750e+01 1.32631e+00 -6.15386e-01 1.35761e+01
2.16900e+01 1.34858e+00 -4.12526e-01 1.35735e+01
2.17050e+01 1.33485e+00 -2.07237e-01 1.35710e+01
2.17200e+01 1.30674e+00 -8.31074e-04 1.35685e+01
2.17350e+01 1.33887e+00 2.05814e-01 1.35660e+01
2.17500e+01 1.33025e+00 4.11525e-01 1.35635e+01
2.17650e+01 1.34182e+00 6.16270e-01 1.35610e+01
2.17800e+01 1.35396e+00 8.19551e-01 1.35585e+01
2.17950e+01 1.33528e+00 1.01999e+00 1.35560e+01
2.18100e+01 1.33543e+00 1.21930e+00 1.35536e+01
2.18250e+01 1.33999e+00 1.41365e+00 1.35511e+01
2.18400e+01 1.32205e+00 1.60404e+00 1.35486e+01
2.18550e+01 1.31459e+00 1.78924e+00 1.35461e+01
2.18700e+01 1.34860e+00 1.96854e+00 1.35436e+01
2.18850e+01 1.34453e+00 2.14172e+00 1.35411e+01
2.19000e+01 1.33932e+00 2.30778e+00 1.35386e+01
2.19150e+01 1.32492e+00 2.46614e+00 1.35362e+01
2.19300e+01 1.33633e+00 2.61711e+00 1.35337e+01
2.19450e+01 1.34162e+00 2.75907e+00 1.35312e+01
2.19600e+01 1.30481e+00 2.89194e+00 1.35287e+01
2.19750e+01 1.33844e+00 3.01497e+00 1.35263e+01
2.19900e+01 1.33478e+00 3.12801e+00 1.35238e+01
2.20050e+01 1.33297e+00 3.23068e+00 1.35213e+01
2.20200e+01 1.33649e+00 3.32281e+00 1.35189e+01
2.20350e+01 1.33725e+00 3.40329e+00 1.35164e+01
2.20500e+01 1.32512e+00 3.47258e+00 1.35140e+01
2.20650e+01 1.32071e+00 3.53034e+00 1.35115e+01
2.20800e+01 1.34172e+00 3.57588e+00 1.35090e+01
2.20950e+01 1.35850e+00 3.60983e+00 1.35066e+01
2.21100e+01 1.31135e+00 3.63129e+00 1.35041e+01
2.21250e+01 1.33709e+00 3.64080e+00 1.35017e+01
2.21400e+01 1.35557e+00 3.63811e+00 1.34993e+01
2.21550e+01 1.32323e+00 3.62449e+00 1.34968e+01
2.21700e+01 1.31919e+00 3.60034e+00 1.34944e+01
2.21850e+01 1.29255e+00 3.56524e+00 1.34919e+01
2.22000e+01 1.31201e+00 3.51977e+00 1.34895e+01
2.22150e+01 1.31572e+00 3.46343e+00 1.34871e+01
2.22300e+01 1.34133e+00 3.39604e+00 1.34846e+01
2.22450e+01 1.31283e+00 3.31810e+00 1.34822e+01
2.22600e+01 1.33131e+00 3.22879e+00 1.34798e+01
2.22750e+01 1.33993e+00 3.12891e+00 1.34774e+01
2.22900e+01 1.31570e+00 3.01868e+00 1.34749e+01
2.23050e+01 1.31985e+00 2.89753e+00 1.34725e+01
2.23200e+01 1.31013e+00 2.76710e+00 1.34701e+01
2.23350e+01 1.33386e+00 2.62710e+00 1.34677e+01
2.23500e+01 1.33190e+00 2.47774e+00 1.34653e+01
2.23650e+01 1.30954e+00 2.31964e+00 1.34629e+01
2.23800e+01 1.33497e+00 2.15384e+00 1.34605e+01
2.23950e+01 1.32466e+00 1.98058e+00 1.34581e+01
2.24100e+01 1.33697e+00 1.80145e+00 1.34557e+01
2.24250e+01 1.32791e+00 1.61599e+00 1.34533e+01
2.24400e+01 1.33708e+00 1.42554e+00 1.34509e+01
2.24550e+01 1.31566e+00 1.22996e+00 1.34485e+01
2.24700e+01 1.28777e+00 1.03039e+00 1.34461e+01
2.24850e+01 1.32057e+00 8.28163e-01 1.34437e+01
2.25000e+01 1.31263e+00 6.24017e-01 1.34413e+01
2.25150e+01 1.35454e+00 4.18107e-01 1.34390e+01
2.25300e+01 1.32236e+00 2.10731e-01 1.34366e+01
2.25450e+01 1.33905e+00 3.78479e-03 1.34342e+01
2.25600e+01 1.29499e+00 -2.04394e-01 1.34318e+01
2.25750e+01 1.30872e+00 -4.09692e-01 1.34295e+01
2.25900e+01 1.32679e+00 -6.13180e-01 1.34271e+01
2.26050e+01 1.33146e+00 -8.14077e-01 1.34247e+01
2.26200e+01 1.32366e+00 -1.01148e+00 1.34224e+01
2.26350e+01 1.30992e+00 -1.20585e+00 1.34200e+01
2.26500e+01 1.29364e+00 -1.39539e+00 1.34177e+01
2.26650e+01 1.30700e+00 -1.58001e+00 1.34153e+01
2.26800e+01 1.32892e+00 -1.75795e+00 1.34130e+01
2.26950e+01 1.31027e+00 -1.93001e+00 1.34106e+01
2.27100e+01 1.30085e+00 -2.09649e+00 1.34083e+01
2.27250e+01 1.32514e+00 -2.25445e+00 1.34059e+01
2.27400e+01 1.33597e+00 -2.40610e+00 1.34036e+01
2.27550e+01 1.32713e+00 -2.54840e+00 1.34013e+01
2.27700e+01 1.32827e+00 -2.68302e+00 1.33989e+01
2.27850e+01 1.33646e+00 -2.80905e+00 1.33966e+01
2.28000e+01 1.31124e+00 -2.92597e+00 1.33943e+01
2.28150e+01 1.30436e+00 -3.03349e+00 1.33919e+01
2.28300e+01 1.30417e+00 -3.13071e+00 1.33896e+01
2.28450e+01 1.30092e+00 -3.21806e+00 1.33873e+01
2.28600e+01 1.29604e+00 -3.29568e+00 1.33850e+01
2.28750e+01 1.34531e+00 -3.36265e+00 1.33827e+01
2.28900e+01 1.32906e+00 -3.41921e+00 1.33804e+01
2.29050e+01 1.32444e+00 -3.46474e+00 1.33781e+01
2.29200e+01 1.32182e+00 -3.49987e+00 1.33757e+01
2.29350e+01 1.31669e+00 -3.52400e+00 1.33734e+01
2.29500e+01 1.33076e+00 -3.53708e+00 1.33711e+01
2.29650e+01 1.30842e+00 -3.53954e+00 1.33688e+01
2.29800e+01 1.33378e+00 -3.53191e+00 1.33665e+01
2.29950e+01 1.32521e+00 -3.51429e+00 1.33642e+01
2.30100e+01 1.33017e+00 -3.48665e+00 1.33620e+01
2.30250e+01 1.29940e+00 -3.44963e+00 1.33597e+01
2.30400e+01 1.32208e+00 -3.40292e+00 1.33574e+01
2.30550e+01 1.30968e+00 -3.34606e+00 1.33551e+01
2.30700e+01 1.30820e+00 -3.27985e+00 1.33528e+01
2.30850e+01 1.32774e+00 -3.20324e+00 1.33505e+01
2.31000e+01 1.34501e+00 -3.11676e+00 1.33483e+01
2.31150e+01 1.31974e+00 -3.02083e+00 1.33460e+01
2.31300e+01 1.30243e+00 -2.91486e+00 1.33437e+01
2.31450e+01 1.30077e+00 -2.79957e+00 1.33414e+01
2.31600e+01 1.29747e+00 -2.67446e+00 1.33392e+01
2.31750e+01 1.33145e+00 -2.54135e+00 1.33369e+01
2.31900e+01 1.30628e+00 -2.39929e+00 1.33346e+01
2.32050e+01 1.30805e+00 -2.24895e+00 1.33324e+01
2.32200e+01 1.32348e+00 -2.09049e+00 1.33301e+01
2.32350e+01 1.30805e+00 -1.92557e+00 1.33279e+01
2.32500e+01 1.30330e+00 -1.75330e+00 1.33256e+01
2.32650e+01 1.33405e+00 -1.57593e+00 1.33233e+01
2.32800e+01 1.32704e+00 -1.39207e+00 1.33211e+01
2.32950e+01 1.29733e+00 -1.20332e+00 1.33188e+01
2.33100e+01 1.31965e+00 -1.00882e+00 1.33166e+01
2.33250e+01 1.30677e+00 -8.12362e-01 1.33143e+01
2.33400e+01 1.32016e+00 -6.11674e-01 1.33121e+01
2.33550e+01 1.31159e+00 -4.08224e-01 1.33099e+01
2.33700e+01 1.31004e+00 -2.03382e-01 1.33076e+01
2.33850e+01 1.29491e+00 3.04053e-03 1.33054e+01
2.34000e+01 1.30811e+00 2.09125e-01 1.33031e+01
2.34150e+01 1.31498e+00 4.15032e-01 1.33009e+01
2.34300e+01 1.33737e+00 6.19800e-01 1.32987e+01
2.34450e+01 1.31279e+00 8.23291e-01 1.32964e+01
2.34600e+01 1.30409e+00 1.02430e+00 1.32942e+01
2.34750e+01 1.31682e+00 1.22280e+00 1.32920e+01
2.34900e+01 1.30738e+00 1.41715e+00 1.32898e+01
2.35050e+01 1.33218e+00 1.60764e+00 1.32875e+01
2.35200e+01 1.29917e+00 1.79236e+00 1.32853e+01
2.35350e+01 1.28246e+00 1.97207e+00 1.32831e+01
2.35500e+01 1.31308e+00 2.14489e+00 1.32809e+01
2.35650e+01 1.33403e+00 2.31092e+00 1.32787e+01
2.35800e+01 1.33016e+00 2.46924e+00 1.32764e+01
2.35950e+01 1.30749e+00 2.61987e+00 1.32742e+01
2.36100e+01 1.31287e+00 2.76162e+00 1.32720e+01
2.36250e+01 1.33545e+00 2.89431e+00 1.32698e+01
2.36400e+01 1.30999e+00 3.01723e+00 1.32676e+01
2.36550e+01 1.30039e+00 3.13026e+00 1.32654e+01
2.36700e+01 1.29184e+00 3.23242e+00 1.32632e+01
2.36850e+01 1.30350e+00 3.32470e+00 1.32610e+01
2.37000e+01 1.31682e+00 3.40495e+00 1.32588e+01
2.37150e+01 1.32059e+00 3.47414e+00 1.32566e+01
2.37300e+01 1.31617e+00 3.53143e+00 1.32544e+01
2.37450e+01 1.32049e+00 3.57663e+00 1.32522e+01
2.37600e+01 1.31667e+00 3.61052e+00 1.32500e+01
2.37750e+01 1.30707e+00 3.63159e+00 1.32478e+01
2.37900e+01 1.27412e+00 3.64112e+00 1.32456e+01
2.38050e+01 1.29650e+00 3.63813e+00 1.32434e+01
2.38200e+01 1.30687e+00 3.62431e+00 1.32412e+01
2.38350e+01 1.28781e+00 3.60006e+00 1.32390e+01
2.38500e+01 1.29379e+00 3.56483e+00 1.32368e+01
2.38650e+01 1.31825e+00 3.51891e+00 1.32346e+01
2.38800e+01 1.32231e+00 3.46254e+00 1.32325e+01
2.38950e+01 1.31661e+00 3.39496e+00 1.32303e+01
2.39100e+01 1.30232e+00 3.31679e+00 1.32281e+01
2.39250e+01 1.30547e+00 3.22717e+00 1.32259e+01
2.39400e+01 1.32781e+00 3.12707e+00 1.32237e+01
2.39550e+01 1.31040e+00 3.01635e+00 1.32216e+01
2.39700e+01 1.29396e+00 2.89539e+00 1.32194e+01
2.39850e+01 1.29478e+00 2.76475e+00 1.32172e+01
2.40000e+01 1.28255e+00 2.62434e+00 1.32150e+01
2.40150e+01 1.32647e+00 2.47459e+00 1.32128e+01
2.40300e+01 1.30494e+00 2.31656e+00 1.32107e+01
2.40450e+01 1.27361e+00 2.15085e+00 1.32085e+01
2.40600e+01 1.30433e+00 1.97748e+00 1.32063e+01
2.40750e+01 1.32927e+00 1.79792e+00 1.32041e+01
2.40900e+01 1.31290e+00 1.61234e+00 1.32020e+01
2.41050e+01 1.27992e+00 1.42182e+00 1.31998e+01
2.41200e+01 1.26316e+00 1.22612e+00 1.31976e+01
2.41350e+01 1.33503e+00 1.02694e+00 1.31955e+01
2.41500e+01 1.33375e+00 8.24769e-01 1.31933e+01
2.41650e+01 1.32696e+00 6.20119e-01 1.31911e+01
2.41800e+01 1.29436e+00 4.13192e-01 1.31890e+01
2.41950e+01 1.30838e+00 2.06292e-01 1.31868e+01
2.42100e+01 1.30538e+00 -1.37135e-03 1.31847e+01
2.42250e+01 1.32379e+00 -2.07830e-01 1.31825e+01
2.42400e+01 1.29834e+00 -4.13358e-01 1.31803e+01
2.42550e+01 1.29848e+00 -6.16401e-01 1.31782e+01
2.42700e+01 1.30621e+00 -8.17169e-01 1.31760e+01
2.42850e+01 1.29091e+00 -1.01462e+00 1.31738e+01
2.43000e+01 1.28871e+00 -1.20868e+00 1.31717e+01
2.43150e+01 1.29857e+00 -1.39853e+00 1.31695e+01
2.43300e+01 1.30734e+00 -1.58294e+00 1.31674e+01
2.43450e+01 1.29592e+00 -1.76123e+00 1.31652e+01
2.43600e+01 1.32102e+00 -1.93314e+00 1.31631e+01
2.43750e+01 1.30547e+00 -2.09900e+00 1.31609e+01
2.43900e+01 1.32055e+00 -2.25744e+00 1.31588e+01
2.44050e+01 1.30026e+00 -2.40805e+00 1.31566e+01
2.44200e+01 1.30753e+00 -2.55171e+00 1.31544e+01
2.44350e+01 1.29380e+00 -2.68522e+00 1.31523e+01
2.44500e+01 1.29611e+00 -2.81150e+00 1.31501e+01
2.44650e+01 1.29850e+00 -2.92799e+00 1.31480e+01
2.44800e+01 1.27993e+00 -3.03533e+00 1.31458e+01
2.44950e+01 1.30788e+00 -3.13246e+00 1.31437e+01
2.45100e+01 1.32453e+00 -3.22002e+00 1.31415e+01
2.45250e+01 1.31472e+00 -3.29667e+00 1.31394e+01
2.45400e+01 1.31918e+00 -3.36320e+00 1.31372e+01
2.45550e+01 1.29484e+00 -3.42004e+00 1.31351e+01
2.45700e+01 1.30119e+00 -3.46535e+00 1.31330e+01
2.45850e+01 1.29359e+00 -3.50043e+00 1.31308e+01
2.46000e+01 1.30541e+00 -3.52429e+00 1.31287e+01
2.46150e+01 1.29449e+00 -3.53743e+00 1.31265e+01
2.46300e+01 1.27820e+00 -3.54003e+00 1.31244e+01
2.46450e+01 1.27104e+00 -3.53191e+00 1.31222e+01
2.46600e+01 1.26740e+00 -3.51417e+00 1.31201e+01
2.46750e+01 1.32295e+00 -3.48654e+00 1.31180e+01
2.46900e+01 1.29909e+00 -3.44914e+00 1.31158e+01
2.47050e+01 1.30830e+00 -3.40224e+00 1.31137e+01
2.47200e+01 1.28757e+00 -3.34544e+00 1.31116e+01
2.47350e+01 1.31445e+00 -3.27870e+00 1.31094e+01
2.47500e+01 1.28977e+00 -3.20196e+00 1.31073e+01
2.47650e+01 1.29230e+00 -3.11564e+00 1.31052e+01
2.47800e+01 1.29030e+00 -3.01950e+00 1.31030e+01
2.47950e+01 1.28266e+00 -2.91319e+00 1.31009e+01
2.48100e+01 1.29405e+00 -2.79777e+00 1.30988e+01
2.48250e+01 1.29827e+00 -2.67253e+00 1.30966e+01
2.48400e+01 1.31274e+00 -2.53890e+00 1.30945e+01
2.48550e+01 1.33401e+00 -2.39684e+00 1.30924e+01
2.48700e+01 1.31501e+00 -2.24648e+00 1.30903e+01
2.48850e+01 1.27727e+00 -2.08751e+00 1.30881e+01
2.49000e+01 1.29183e+00 -1.92218e+00 1.30860e+01
2.49150e+01 1.29240e+00 -1.75046e+00 1.30839e+01
2.49300e+01 1.26163e+00 -1.57222e+00 1.30818e+01
2.49450e+01 1.26635e+00 -1.38812e+00 1.30797e+01
2.49600e+01 1.30016e+00 -1.19933e+00 1.30775e+01
2.49750e+01 1.30816e+00 -1.00546e+00 1.30754e+01
2.49900e+01 1.27779e+00 -8.08299e-01 1.30733e+01
2.50050e+01 1.30566e+00 -6.08182e-01 1.30712e+01
2.50200e+01 1.30885e+00 -4.04901e-01 1.30691e+01
2.50350e+01 1.27530e+00 -1.99456e-01 1.30670e+01
2.50500e+01 1.29018e+00 6.59299e-03 1.30649e+01
2.50650e+01 1.29575e+00 2.12484e-01 1.30628e+01
2.50800e+01 1.27239e+00 4.18847e-01 1.30607e+01
2.50950e+01 1.28829e+00 6.23375e-01 1.30586e+01
2.51100e+01 1.30956e+00 8.26915e-01 1.30565e+01
2.51250e+01 1.28835e+00 1.02785e+00 1.30544e+01
2.51400e+01 1.30366e+00 1.22629e+00 1.30523e+01
2.51550e+01 1.30960e+00 1.42070e+00 1.30502e+01
2.51700e+01 1.30023e+00 1.61132e+00 1.30481e+01
2.51850e+01 1.29475e+00 1.79603e+00 1.30460e+01
2.52000e+01 1.29488e+00 1.97505e+00 1.30439e+01
2.52150e+01 1.28412e+00 2.14785e+00 1.30418e+01
2.52300e+01 1.26603e+00 2.31392e+00 1.30397e+01
2.52450e+01 1.31318e+00 2.47175e+00 1.30376e+01
2.52600e+01 1.31043e+00 2.62239e+00 1.30355e+01
2.52750e+01 1.29535e+00 2.76426e+00 1.30334e+01
2.52900e+01 1.25421e+00 2.89677e+00 1.30314e+01
2.53050e+01 1.30216e+00 3.01941e+00 1.30293e+01
2.53200e+01 1.28975e+00 3.13210e+00 1.30272e+01
2.53350e+01 1.28366e+00 3.23424e+00 1.30251e+01
2.53500e+01 1.29184e+00 3.32584e+00 1.30231e+01
2.53650e+01 1.24997e+00 3.40605e+00 1.30210e+01
2.53800e+01 1.27473e+00 3.47512e+00 1.30189e+01
2.53950e+01 1.27370e+00 3.53206e+00 1.30168e+01
2.54100e+01 1.26647e+00 3.57727e+00 1.30148e+01
2.54250e+01 1.29646e+00 3.61079e+00 1.30127e+01
2.54400e+01 1.26687e+00 3.63156e+00 1.30107e+01
2.54550e+01 1.28900e+00 3.64077e+00 1.30086e+01
2.54700e+01 1.27859e+00 3.63806e+00 1.30065e+01
2.54850e+01 1.27643e+00 3.62399e+00 1.30045e+01
2.55000e+01 1.29231e+00 3.59943e+00 1.30024e+01
2.55150e+01 1.30317e+00 3.56415e+00 1.30004e+01
2.55300e+01 1.27784e+00 3.51804e+00 1.29983e+01
2.55450e+01 1.27971e+00 3.46149e+00 1.29963e+01
2.55600e+01 1.26118e+00 3.39354e+00 1.29942e+01
2.55750e+01 1.28762e+00 3.31532e+00 1.29922e+01
2.55900e+01 1.26855e+00 3.22516e+00 1.29901e+01
2.56050e+01 1.27037e+00 3.12548e+00 1.29881e+01
2.56200e+01 1.27046e+00 3.01416e+00 1.29861e+01
2.56350e+01 1.29618e+00 2.89309e+00 1.29840e+01
2.56500e+01 1.30008e+00 2.76216e+00 1.29820e+01
2.56650e+01 1.28602e+00 2.62163e+00 1.29800e+01
2.56800e+01 1.27194e+00 2.47211e+00 1.29779e+01
2.56950e+01 1.27350e+00 2.31362e+00 1.29759e+01
2.57100e+01 1.28702e+00 2.14784e+00 1.29739e+01
2.57250e+01 1.23107e+00 1.97409e+00 1.29719e+01
2.57400e+01 1.28044e+00 1.79482e+00 1.29699e+01
2.57550e+01 1.27344e+00 1.60924e+00 1.29678e+01
2.57700e+01 1.25911e+00 1.41863e+00 1.29658e+01
2.57850e+01 1.30749e+00 1.22309e+00 1.29638e+01
2.58000e+01 1.29475e+00 1.02290e+00 1.29618e+01
2.58150e+01 1.29099e+00 8.21118e-01 1.29598e+01
2.58300e+01 1.28138e+00 6.16557e-01 1.29578e+01
2.58450e+01 1.26280e+00 4.09899e-01 1.29558e+01
2.58600e+01 1.29619e+00 2.03013e-01 1.29538e+01
2.58750e+01 1.27758e+00 -4.31802e-03 1.29518e+01
2.58900e+01 1.29417e+00 -2.11130e-01 1.29498e+01
2.59050e+01 1.27116e+00 -4.16568e-01 1.29478e+01
2.59200e+01 1.27996e+00 -6.20184e-01 1.29458e+01
2.59350e+01 1.27922e+00 -8.20922e-01 1.29439e+01
2.59500e+01 1.29503e+00 -1.01863e+00 1.29419e+01
2.59650e+01 1.27924e+00 -1.21277e+00 1.29399e+01
2.59800e+01 1.26094e+00 -1.40280e+00 1.29379e+01
2.59950e+01 1.28329e+00 -1.58643e+00 1.29359e+01
2.60100e+01 1.27045e+00 -1.76458e+00 1.29340e+01
2.60250e+01 1.26610e+00 -1.93617e+00 1.29320e+01
2.60400e+01 1.25944e+00 -2.10171e+00 1.29300e+01
2.60550e+01 1.25877e+00 -2.26048e+00 1.29281e+01
2.60700e+01 1.26719e+00 -2.41105e+00 1.29261e+01
2.60850e+01 1.27161e+00 -2.55433e+00 1.29241e+01
2.61000e+01 1.27610e+00 -2.68783e+00 1.29222e+01
2.61150e+01 1.26259e+00 -2.81297e+00 1.29202e+01
2.61300e+01 1.26878e+00 -2.92959e+00 1.29183e+01
2.61450e+01 1.27395e+00 -3.03603e+00 1.29163e+01
2.61600e+01 1.30333e+00 -3.13390e+00 1.29144e+01
2.61750e+01 1.28191e+00 -3.22093e+00 1.29125e+01
2.61900e+01 1.28056e+00 -3.29830e+00 1.29105e+01
2.62050e+01 1.26035e+00 -3.36467e+00 1.29086e+01
2.62200e+01 1.27734e+00 -3.42057e+00 1.29067e+01
2.62350e+01 1.26793e+00 -3.46557e+00 1.29047e+01
2.62500e+01 1.28581e+00 -3.50057e+00 1.29028e+01
2.62650e+01 1.28936e+00 -3.52451e+00 1.29009e+01
2.62800e+01 1.26055e+00 -3.53745e+00 1.28989e+01
2.62950e+01 1.25542e+00 -3.54010e+00 1.28970e+01
2.63100e+01 1.27517e+00 -3.53179e+00 1.28951e+01
2.63250e+01 1.28013e+00 -3.51378e+00 1.28932e+01
2.63400e+01 1.25531e+00 -3.48623e+00 1.28913e+01
2.63550e+01 1.27098e+00 -3.44870e+00 1.28894e+01
2.63700e+01 1.25870e+00 -3.40167e+00 1.28875e+01
2.63850e+01 1.26789e+00 -3.34438e+00 1.28856e+01
2.64000e+01 1.26724e+00 -3.27778e+00 1.28837e+01
2.64150e+01 1.25555e+00 -3.20088e+00 1.28818e+01
2.64300e+01 1.27933e+00 -3.11422e+00 1.28799e+01
2.64450e+01 1.28168e+00 -3.01762e+00 1.28780e+01
2.64600e+01 1.27209e+00 -2.91142e+00 1.28761e+01
2.64750e+01 1.27118e+00 -2.79563e+00 1.28742e+01
2.64900e+01 1.25859e+00 -2.67026e+00 1.28723e+01
2.65050e+01 1.27101e+00 -2.53677e+00 1.28704e+01
2.65200e+01 1.23759e+00 -2.39377e+00 1.28685e+01
2.65350e+01 1.28135e+00 -2.24326e+00 1.28666e+01
2.65500e+01 1.28054e+00 -2.08456e+00 1.28648e+01
2.65650e+01 1.26178e+00 -1.91937e+00 1.28629e+01
2.65800e+01 1.27701e+00 -1.74766e+00 1.28610e+01
2.65950e+01 1.29571e+00 -1.56926e+00 1.28591e+01
2.66100e+01 1.28452e+00 -1.38497e+00 1.28573e+01
2.66250e+01 1.28076e+00 -1.19515e+00 1.28554e+01
2.66400e+01 1.27082e+00 -1.00188e+00 1.28535e+01
2.66550e+01 1.27381e+00 -8.04817e-01 1.28517e+01
2.66700e+01 1.24271e+00 -6.04050e-01 1.28498e+01
2.66850e+01 1.26362e+00 -4.01386e-01 1.28479e+01
2.67000e+01 1.26248e+00 -1.95616e-01 1.28461e+01
2.67150e+01 1.26537e+00 1.03855e-02 1.28442e+01
2.67300e+01 1.25392e+00 2.16564e-01 1.28424e+01
2.67450e+01 1.24670e+00 4.22462e-01 1.28405e+01
2.67600e+01 1.26579e+00 6.26927e-01 1.28387e+01
2.67750e+01 1.27220e+00 8.30690e-01 1.28368e+01
2.67900e+01 1.27952e+00 1.03162e+00 1.28350e+01
2.68050e+01 1.26174e+00 1.23002e+00 1.28331e+01
2.68200e+01 1.25691e+00 1.42403e+00 1.28313e+01
2.68350e+01 1.22322e+00 1.61447e+00 1.28294e+01
2.68500e+01 1.25347e+00 1.79899e+00 1.28276e+01
2.68650e+01 1.24929e+00 1.97833e+00 1.28257e+01
2.68800e+01 1.26183e+00 2.15133e+00 1.28239e+01
2.68950e+01 1.26909e+00 2.31691e+00 1.28220e+01
2.69100e+01 1.21080e+00 2.47465e+00 1.28202e+01
2.69250e+01 1.23848e+00 2.62532e+00 1.28184e+01
2.69400e+01 1.26865e+00 2.76641e+00 1.28165e+01
2.69550e+01 1.26839e+00 2.89905e+00 1.28147e+01
2.69700e+01 1.27718e+00 3.02176e+00 1.28129e+01
2.69850e+01 1.25792e+00 3.13434e+00 1.28110e+01
2.70000e+01 1.26052e+00 3.23630e+00 1.28092e+01
2.70150e+01 1.24242e+00 3.32761e+00 1.28074e+01
2.70300e+01 1.26564e+00 3.40763e+00 1.28056e+01
2.70450e+01 1.27711e+00 3.47659e+00 1.28037e+01
2.70600e+01 1.25792e+00 3.53345e+00 1.28019e+01
2.70750e+01 1.26614e+00 3.57823e+00 1.28001e+01
2.70900e+01 1.23830e+00 3.61151e+00 1.27983e+01
2.71050e+01 1.25421e+00 3.63245e+00 1.27964e+01
2.71200e+01 1.22466e+00 3.64175e+00 1.27946e+01
2.71350e+01 1.25236e+00 3.63867e+00 1.27928e+01
2.71500e+01 1.26148e+00 3.62421e+00 1.27910e+01
2.71650e+01 1.24045e+00 3.59953e+00 1.27892e+01
2.71800e+01 1.24485e+00 3.56382e+00 1.27873e+01
2.71950e+01 1.25152e+00 3.51769e+00 1.27855e+01
2.72100e+01 1.23752e+00 3.46086e+00 1.27837e+01
2.72250e+01 1.25361e+00 3.39270e+00 1.27819e+01
2.72400e+01 1.28398e+00 3.31384e+00 1.27801e+01
2.72550e+01 1.25501e+00 3.22385e+00 1.27783e+01
2.72700e+01 1.25512e+00 3.12378e+00 1.27765e+01
2.72850e+01 1.26119e+00 3.01271e+00 1.27746e+01
2.73000e+01 1.24936e+00 2.89144e+00 1.27728e+01
2.73150e+01 1.23988e+00 2.76021e+00 1.27710e+01
2.73300e+01 1.27474e+00 2.61942e+00 1.27692e+01
2.73450e+01 1.27012e+00 2.46969e+00 1.27674e+01
2.73600e+01 1.22450e+00 2.31125e+00 1.27656e+01
2.73750e+01 1.24742e+00 2.14492e+00 1.27638e+01
2.73900e+01 1.25613e+00 1.97129e+00 1.27620e+01
2.74050e+01 1.24462e+00 1.79151e+00 1.27602e+01
2.74200e+01 1.24880e+00 1.60584e+00 1.27584e+01
2.74350e+01 1.26857e+00 1.41468e+00 1.27566e+01
2.74500e+01 1.26711e+00 1.21940e+00 1.27548e+01
2.74650e+01 1.29100e+00 1.01958e+00 1.27530e+01
2.74800e+01 1.24330e+00 8.17197e-01 1.27512e+01
2.74950e+01 1.24385e+00 6.12594e-01 1.27494e+01
2.75100e+01 1.25694e+00 4.06524e-01 1.27476e+01
2.75250e+01 1.26961e+00 1.99137e-01 1.27458e+01
2.75400e+01 1.25194e+00 -8.24981e-03 1.27439e+01
2.75550e+01 1.24578e+00 -2.14768e-01 1.27421e+01
2.75700e+01 1.25221e+00 -4.20648e-01 1.27403e+01
2.75850e+01 1.26410e+00 -6.24139e-01 1.27385e+01
2.76000e+01 1.27254e+00 -8.24396e-01 1.27367e+01
2.76150e+01 1.25273e+00 -1.02217e+00 1.27349e+01
2.76300e+01 1.23426e+00 -1.21665e+00 1.27331e+01
2.76450e+01 1.22514e+00 -1.40610e+00 1.27313e+01
2.76600e+01 1.25759e+00 -1.58997e+00 1.27295e+01
2.76750e+01 1.24353e+00 -1.76750e+00 1.27277e+01
2.76900e+01 1.26791e+00 -1.93927e+00 1.27259e+01
2.77050e+01 1.25374e+00 -2.10451e+00 1.27241e+01
2.77200e+01 1.30705e+00 -2.26279e+00 1.27223e+01
2.77350e+01 1.26470e+00 -2.41367e+00 1.27205e+01
2.77500e+01 1.26316e+00 -2.55614e+00 1.27187e+01
2.77650e+01 1.24132e+00 -2.69039e+00 1.27169e+01
2.77800e+01 1.24583e+00 -2.81572e+00 1.27151e+01
2.77950e+01 1.24704e+00 -2.93153e+00 1.27133e+01
2.78100e+01 1.25169e+00 -3.03808e+00 1.27115e+01
2.78250e+01 1.25824e+00 -3.13547e+00 1.27097e+01
2.78400e+01 1.28413e+00 -3.22266e+00 1.27079e+01
2.78550e+01 1.25813e+00 -3.29947e+00 1.27061e+01
2.78700e+01 1.27765e+00 -3.36590e+00 1.27043e+01
2.78850e+01 1.28048e+00 -3.42151e+00 1.27025e+01
2.79000e+01 1.25807e+00 -3.46672e+00 1.27007e+01
2.79150e+01 1.24451e+00 -3.50152e+00 1.26989e+01
2.79300e+01 1.23758e+00 -3.52490e+00 1.26971e+01
2.79450e+01 1.26109e+00 -3.53778e+00 1.26953e+01
2.79600e+01 1.26319e+00 -3.54002e+00 1.26935e+01
2.79750e+01 1.24874e+00 -3.53110e+00 1.26917e+01
2.79900e+01 1.27007e+00 -3.51320e+00 1.26899e+01
2.80050e+01 1.24751e+00 -3.48519e+00 1.26881e+01
2.80200e+01 1.24696e+00 -3.44759e+00 1.26863e+01
2.80350e+01 1.25158e+00 -3.40026e+00 1.26845e+01
2.80500e+01 1.26089e+00 -3.34311e+00 1.26826e+01
2.80650e+01 1.24090e+00 -3.27606e+00 1.26808e+01
2.80800e+01 1.23497e+00 -3.19921e+00 1.26790e+01
2.80950e+01 1.24479e+00 -3.11219e+00 1.26772e+01
2.81100e+01 1.23604e+00 -3.01537e+00 1.26754e+01
2.81250e+01 1.24077e+00 -2.90902e+00 1.26736e+01
2.81400e+01 1.24980e+00 -2.79336e+00 1.26718e+01
2.81550e+01 1.23486e+00 -2.66737e+00 1.26700e+01
2.81700e+01 1.24425e+00 -2.53335e+00 1.26682e+01
2.81850e+01 1.24975e+00 -2.39065e+00 1.26664e+01
2.82000e+01 1.25280e+00 -2.23990e+00 1.26646e+01
2.82150e+01 1.20517e+00 -2.08162e+00 1.26628e+01
2.82300e+01 1.22259e+00 -1.91582e+00 1.26610e+01
2.82450e+01 1.22627e+00 -1.74438e+00 1.26592e+01
2.82600e+01 1.24702e+00 -1.56554e+00 1.26574e+01
2.82750e+01 1.24867e+00 -1.38122e+00 1.26556e+01
2.82900e+01 1.24886e+00 -1.19158e+00 1.26538e+01
2.83050e+01 1.24770e+00 -9.97500e-01 1.26520e+01
2.83200e+01 1.24439e+00 -8.00872e-01 1.26502e+01
2.83350e+01 1.27306e+00 -6.00556e-01 1.26484e+01
2.83500e+01 1.26880e+00 -3.97424e-01 1.26466e+01
2.83650e+01 1.23814e+00 -1.91912e-01 1.26448e+01
2.83800e+01 1.22478e+00 1.45911e-02 1.26430e+01
2.83950e+01 1.23005e+00 2.20688e-01 1.26413e+01
2.84100e+01 1.22452e+00 4.26717e-01 1.26395e+01
2.84250e+01 1.23703e+00 6.31443e-01 1.26377e+01
2.84400e+01 1.23960e+00 8.34768e-01 1.26359e+01
2.84550e+01 1.23158e+00 1.03517e+00 1.26341e+01
2.84700e+01 1.25535e+00 1.23370e+00 1.26323e+01
2.84850e+01 1.26152e+00 1.42781e+00 1.26305e+01
2.85000e+01 1.22151e+00 1.61763e+00 1.26287e+01
2.85150e+01 1.20790e+00 1.80301e+00 1.26270e+01
2.85300e+01 1.21921e+00 1.98162e+00 1.26252e+01
2.85450e+01 1.24047e+00 2.15405e+00 1.26234e+01
2.85600e+01 1.25129e+00 2.32019e+00 1.26216e+01
2.85750e+01 1.25300e+00 2.47759e+00 1.26198e+01
2.85900e+01 1.24179e+00 2.62775e+00 1.26181e+01
2.86050e+01 1.23020e+00 2.76928e+00 1.26163e+01
2.86200e+01 1.23930e+00 2.90181e+00 1.26145e+01
2.86350e+01 1.22332e+00 3.02399e+00 1.26128e+01
2.86500e+01 1.23647e+00 3.13627e+00 1.26110e+01
2.86650e+01 1.24108e+00 3.23839e+00 1.26092e+01
2.86800e+01 1.23925e+00 3.32933e+00 1.26074e+01
2.86950e+01 1.25495e+00 3.40895e+00 1.26057e+01
2.87100e+01 1.22231e+00 3.47766e+00 1.26039e+01
2.87250e+01 1.23251e+00 3.53428e+00 1.26022e+01
2.87400e+01 1.23873e+00 3.57937e+00 1.26004e+01
2.87550e+01 1.24087e+00 3.61248e+00 1.25986e+01
2.87700e+01 1.24835e+00 3.63300e+00 1.25969e+01
2.87850e+01 1.25202e+00 3.64154e+00 1.25951e+01
2.88000e+01 1.23191e+00 3.63876e+00 1.25934e+01
2.88150e+01 1.19108e+00 3.62437e+00 1.25916e+01
2.88300e+01 1.23205e+00 3.59914e+00 1.25899e+01
2.88450e+01 1.24209e+00 3.56351e+00 1.25882e+01
2.88600e+01 1.22972e+00 3.51711e+00 1.25864e+01
2.88750e+01 1.20329e+00 3.46001e+00 1.25847e+01
2.88900e+01 1.23610e+00 3.39145e+00 1.25829e+01
2.89050e+01 1.24226e+00 3.31294e+00 1.25812e+01
2.89200e+01 1.23539e+00 3.22286e+00 1.25795e+01
2.89350e+01 1.20948e+00 3.12205e+00 1.25777e+01
2.89500e+01 1.21444e+00 3.01094e+00 1.25760e+01
2.89650e+01 1.23364e+00 2.88923e+00 1.25743e+01
2.89800e+01 1.22550e+00 2.75805e+00 1.25726e+01
2.89950e+01 1.24408e+00 2.61677e+00 1.25708e+01
2.90100e+01 1.21090e+00 2.46684e+00 1.25691e+01
2.90250e+01 1.21710e+00 2.30827e+00 1.25674e+01
2.90400e+01 1.23853e+00 2.14193e+00 1.25657e+01
2.90550e+01 1.21224e+00 1.96847e+00 1.25640e+01
2.90700e+01 1.22244e+00 1.78827e+00 1.25623e+01
2.90850e+01 1.22130e+00 1.60262e+00 1.25606e+01
2.91000e+01 1.22540e+00 1.41145e+00 1.25589e+01
2.91150e+01 1.23438e+00 1.21594e+00 1.25572e+01
2.91300e+01 1.21766e+00 1.01570e+00 1.25555e+01
2.91450e+01 1.21875e+00 8.13339e-01 1.25538e+01
2.91600e+01 1.22313e+00 6.08475e-01 1.25521e+01
2.91750e+01 1.23873e+00 4.02886e-01 1.25504e+01
2.91900e+01 1.22642e+00 1.95258e-01 1.25487e+01
2.92050e+01 1.21094e+00 -1.20933e-02 1.25470e+01
2.92200e+01 1.21558e+00 -2.19133e-01 1.25454e+01
2.92350e+01 1.23967e+00 -4.24970e-01 1.25437e+01
2.92500e+01 1.18446e+00 -6.27888e-01 1.25420e+01
2.92650e+01 1.25081e+00 -8.28120e-01 1.25404e+01
2.92800e+01 1.23197e+00 -1.02554e+00 1.25387e+01
2.92950e+01 1.23914e+00 -1.21957e+00 1.25370e+01
2.93100e+01 1.20328e+00 -1.40958e+00 1.25354e+01
2.93250e+01 1.23756e+00 -1.59284e+00 1.25337e+01
2.93400e+01 1.24009e+00 -1.77119e+00 1.25321e+01
2.93550e+01 1.20425e+00 -1.94273e+00 1.25304e+01
2.93700e+01 1.23668e+00 -2.10793e+00 1.25288e+01
2.93850e+01 1.22441e+00 -2.26616e+00 1.25271e+01
2.94000e+01 1.23695e+00 -2.41671e+00 1.25255e+01
2.94150e+01 1.21781e+00 -2.55869e+00 1.25239e+01
2.94300e+01 1.22546e+00 -2.69261e+00 1.25222e+01
2.94450e+01 1.22551e+00 -2.81803e+00 1.25206e+01
2.94600e+01 1.21015e+00 -2.93327e+00 1.25190e+01
2.94750e+01 1.22584e+00 -3.04020e+00 1.25174e+01
2.94900e+01 1.22048e+00 -3.13746e+00 1.25157e+01
2.95050e+01 1.20128e+00 -3.22420e+00 1.25141e+01
2.95200e+01 1.21110e+00 -3.30087e+00 1.25125e+01
2.95350e+01 1.22651e+00 -3.36671e+00 1.25109e+01
2.95500e+01 1.21923e+00 -3.42247e+00 1.25093e+01
2.95650e+01 1.24453e+00 -3.46744e+00 1.25077e+01
2.95800e+01 1.22854e+00 -3.50174e+00 1.25061e+01
2.95950e+01 1.21979e+00 -3.52514e+00 1.25046e+01
2.96100e+01 1.20944e+00 -3.53801e+00 1.25030e+01
2.96250e+01 1.23735e+00 -3.53970e+00 1.25014e+01
2.96400e+01 1.19775e+00 -3.53112e+00 1.24998e+01
2.96550e+01 1.19208e+00 -3.51266e+00 1.24982e+01
2.96700e+01 1.22553e+00 -3.48433e+00 1.24967e+01
2.96850e+01 1.22798e+00 -3.44686e+00 1.24951e+01
2.97000e+01 1.21619e+00 -3.39927e+00 1.24936e+01
2.97150e+01 1.21981e+00 -3.34162e+00 1.24920e+01
2.97300e+01 1.23816e+00 -3.27460e+00 1.24904e+01
2.97450e+01 1.20125e+00 -3.19724e+00 1.24889e+01
2.97600e+01 1.22624e+00 -3.11019e+00 1.24874e+01
2.97750e+01 1.22423e+00 -3.01376e+00 1.24858e+01
2.97900e+01 1.20375e+00 -2.90693e+00 1.24843e+01
2.98050e+01 1.19330e+00 -2.79072e+00 1.24827e+01
2.98200e+01 1.21364e+00 -2.66532e+00 1.24812e+01
2.98350e+01 1.22931e+00 -2.53019e+00 1.24797e+01
2.98500e+01 1.22260e+00 -2.38787e+00 1.24782e+01
2.98650e+01 1.20166e+00 -2.23724e+00 1.24766e+01
2.98800e+01 1.23388e+00 -2.07867e+00 1.24751e+01
2.98950e+01 1.20489e+00 -1.91269e+00 1.24736e+01
2.99100e+01 1.21973e+00 -1.74044e+00 1.24721e+01
2.99250e+01 1.24609e+00 -1.56207e+00 1.24706e+01
2.99400e+01 1.19029e+00 -1.37781e+00 1.24691e+01
2.99550e+01 1.20193e+00 -1.18835e+00 1.24676e+01
2.99700e+01 1.19885e+00 -9.94325e-01 1.24661e+01
2.99850e+01 1.21583e+00 -7.96622e-01 1.24646e+01
3.00000e+01 1.20910e+00 -5.96252e-01 1.24631e+01
