time difference
0.00000e+00 0.00000e+00
4.16667e-02 2.16017e+01
8.33333e-02 7.38974e+00
1.25000e-01 -1.88823e+01
1.66667e-01 5.32061e-01
2.08333e-01 1.62929e+01
2.50000e-01 -6.33744e+00
2.91667e-01 2.04075e+01
3.33333e-01 2.96772e+00
3.75000e-01 2.22283e+00
4.16667e-01 1.78181e+01
4.58333e-01 1.15989e+01
5.00000e-01 1.09013e+01
5.41667e-01 9.13963e+00
5.83333e-01 -2.21101e+01
6.25000e-01 -4.80037e+00
6.66667e-01 -2.38955e+01
7.08333e-01 1.71205e+01
7.50000e-01 1.12206e+01
7.91667e-01 -8.61939e+00
8.33333e-01 -1.26158e+01
8.75000e-01 -2.28195e+00
9.16667e-01 -2.22874e+01
9.58333e-01 1.91069e+01
1.00000e+00 -1.21665e+01
1.04167e+00 -1.33015e+01
1.08333e+00 1.72979e+01
1.12500e+00 3.07413e+00
1.16667e+00 1.25685e+01
1.20833e+00 -1.28759e+01
1.25000e+00 3.93725e+00
1.29167e+00 -1.86813e+00
1.33333e+00 -2.28195e+01
1.37500e+00 1.00500e+01
1.41667e+00 2.22638e+01
1.45833e+00 1.27813e+01
1.50000e+00 1.96390e+01
1.54167e+00 1.52524e+01
1.58333e+00 1.32661e+01
1.62500e+00 -1.57845e+01
1.66667e+00 2.04548e+00
1.70833e+00 -2.71115e+01
1.75000e+00 -1.04047e+00
1.79167e+00 -2.54207e+00
1.83333e+00 -2.55389e+00
1.87500e+00 -1.28759e+01
1.91667e+00 8.09915e+00
1.95833e+00 1.05703e+01
2.00000e+00 -1.44248e+01
2.04167e+00 7.72080e+00
2.08333e+00 7.31879e+00
2.12500e+00 -7.94544e+00
2.16667e+00 4.18555e+00
2.20833e+00 1.29941e+01
2.25000e+00 7.18874e+00
2.29167e+00 6.88132e+00
2.33333e+00 7.09415e-01
2.37500e+00 -7.12962e+00
2.41667e+00 -2.01119e+01
2.45833e+00 3.15690e+00
2.50000e+00 1.01683e+01
2.54167e+00 -2.10460e+01
2.58333e+00 1.21428e+01
2.62500e+00 1.20600e+01
2.66667e+00 1.19655e+01
2.70833e+00 2.70760e+00
2.75000e+00 9.22239e-01
2.79167e+00 -3.10960e+00
2.83333e+00 1.49568e+01
2.87500e+00 -2.38245e+01
2.91667e+00 -7.74444e+00
2.95833e+00 -1.67540e+01
3.00000e+00 1.06767e+01
3.04167e+00 -2.18145e+01
3.08333e+00 4.49296e+00
3.12500e+00 1.70378e+01
3.16667e+00 1.80901e+00
3.20833e+00 -2.57754e+00
3.25000e+00 3.71260e+00
3.29167e+00 -1.35616e+01
3.33333e+00 2.32924e+00
3.37500e+00 -1.06767e+01
3.41667e+00 8.98592e+00
3.45833e+00 -2.25121e+01
3.50000e+00 -2.57754e+01
3.54167e+00 4.72943e-01
3.58333e+00 4.30378e+00
3.62500e+00 1.46612e+00
3.66667e+00 -1.15162e+01
3.70833e+00 -1.60801e+00
3.75000e+00 -3.87813e+00
3.79167e+00 -1.74398e+01
3.83333e+00 1.46494e+01
3.87500e+00 9.29333e+00
3.91667e+00 5.15508e+00
3.95833e+00 3.79537e+00
4.00000e+00 -1.54889e+01
4.04167e+00 -1.81492e+01
4.08333e+00 1.53352e+01
4.12500e+00 -1.39873e+01
4.16667e+00 -1.75225e+01
4.20833e+00 8.22921e+00
4.25000e+00 1.07240e+01
4.29167e+00 -4.57572e+00
4.33333e+00 1.18236e+01
4.37500e+00 7.80356e-01
4.41667e+00 -6.76309e+00
4.45833e+00 -5.94726e+00
4.50000e+00 -2.57163e+01
4.54167e+00 9.96728e+00
4.58333e+00 -7.85086e+00
4.62500e+00 1.28641e+01
4.66667e+00 3.16872e+00
4.70833e+00 -8.21739e+00
4.75000e+00 7.02321e+00
4.79167e+00 7.37791e+00
4.83333e+00 -4.07913e+00
4.87500e+00 -3.33425e+00
4.91667e+00 -1.55007e+01
4.95833e+00 5.73444e+00
5.00000e+00 5.60438e+00
5.04167e+00 1.32661e+01
5.08333e+00 -2.07149e+01
5.12500e+00 -1.64348e+01
5.16667e+00 1.01683e+00
5.20833e+00 1.39045e+01
5.25000e+00 -1.52997e+01
5.29167e+00 -9.15145e+00
5.33333e+00 -1.43065e+00
5.37500e+00 6.76309e+00
5.41667e+00 1.72151e+01
5.45833e+00 -1.14098e+01
5.50000e+00 2.79036e+00
5.54167e+00 1.61037e+01
5.58333e+00 5.23784e+00
5.62500e+00 -3.21601e+00
5.66667e+00 1.30414e+01
5.70833e+00 1.00027e+01
5.75000e+00 2.83766e+00
5.79167e+00 1.57254e+00
5.83333e+00 8.06368e+00
5.87500e+00 5.46249e+00
5.91667e+00 -2.02893e+01
5.95833e+00 -2.29141e+01
6.00000e+00 1.35025e+01
6.04167e+00 -2.42975e+01
6.08333e+00 -2.20746e+01
6.12500e+00 6.42020e+00
6.16667e+00 -2.92042e+00
6.20833e+00 4.48114e+00
6.25000e+00 1.45430e+01
6.29167e+00 4.11461e+00
6.33333e+00 6.00638e+00
6.37500e+00 -1.26512e+00
6.41667e+00 8.06368e+00
6.45833e+00 -2.74307e+00
6.50000e+00 4.48114e+00
6.54167e+00 9.09233e+00
6.58333e+00 -1.83265e+01
6.62500e+00 3.73625e+00
6.66667e+00 6.88132e+00
6.70833e+00 1.74043e+01
6.75000e+00 -2.00883e+01
6.79167e+00 -3.31060e-01
6.83333e+00 8.77309e+00
6.87500e+00 5.67532e-01
6.91667e+00 -2.68395e+00
6.95833e+00 4.55208e+00
7.00000e+00 1.03338e+01
7.04167e+00 -3.00319e+00
7.08333e+00 1.51933e+01
7.12500e+00 1.52524e+00
7.16667e+00 4.36290e+00
7.20833e+00 9.96728e+00
7.25000e+00 2.04548e+01
7.29167e+00 -1.40346e+01
7.33333e+00 1.16935e+01
7.37500e+00 -2.41792e+01
7.41667e+00 1.00382e+01
7.45833e+00 -2.54207e+00
7.50000e+00 1.11378e+01
7.54167e+00 1.09959e+01
7.58333e+00 1.08895e+01
7.62500e+00 -1.26512e+00
7.66667e+00 -1.44129e+01
7.70833e+00 -2.05730e+00
7.75000e+00 -5.62802e+00
7.79167e+00 -9.63622e+00
7.83333e+00 -1.01565e+01
7.87500e+00 2.05021e+01
7.91667e+00 1.36444e+01
7.95833e+00 4.05549e+00
8.00000e+00 1.44248e+01
8.04167e+00 9.22239e+00
8.08333e+00 -2.24057e+01
8.12500e+00 -3.87813e+00
8.16667e+00 -2.94407e+00
8.20833e+00 6.82220e+00
8.25000e+00 -2.49477e+00
8.29167e+00 -1.72506e+01
8.33333e+00 -3.19237e-01
8.37500e+00 2.29377e+00
8.41667e+00 -1.54889e+01
8.45833e+00 1.42001e+01
8.50000e+00 1.45666e+01
8.54167e+00 -9.71898e+00
8.58333e+00 2.11642e+00
8.62500e+00 -2.28550e+01
8.66667e+00 2.24412e+01
8.70833e+00 6.42020e+00
8.75000e+00 -2.38009e+01
8.79167e+00 1.76881e+01
8.83333e+00 -9.17510e+00
8.87500e+00 1.18827e+01
8.91667e+00 6.18373e+00
8.95833e+00 2.94407e+00
9.00000e+00 8.24103e+00
9.04167e+00 2.27013e+00
9.08333e+00 6.60938e+00
9.12500e+00 -4.61120e-01
9.16667e+00 1.34789e+01
9.20833e+00 1.44248e+01
9.25000e+00 2.23466e+00
9.29167e+00 -1.09959e+01
9.33333e+00 1.64348e+00
9.37500e+00 1.28286e+01
9.41667e+00 -2.35762e+01
9.45833e+00 6.31379e+00
9.50000e+00 -1.35025e+01
9.54167e+00 -2.01947e+01
9.58333e+00 -1.96271e+01
9.62500e+00 -7.50797e+00
9.66667e+00 1.13033e+01
9.70833e+00 1.85394e+01
9.75000e+00 1.57490e+01
9.79167e+00 1.08304e+01
9.83333e+00 -1.53943e+01
9.87500e+00 6.46750e+00
9.91667e+00 -6.01820e+00
9.95833e+00 5.52161e+00
1.00000e+01 2.28195e+01
1.00417e+01 -2.68395e+00
1.00833e+01 -8.74945e-01
1.01250e+01 -4.24466e+00
1.01667e+01 9.54163e+00
1.02083e+01 -1.96508e+01
1.02500e+01 -3.09778e+00
1.02917e+01 -7.82721e+00
1.03333e+01 -2.36472e+00
1.03750e+01 7.68533e+00
1.04167e+01 2.10460e+00
1.04583e+01 1.02156e+01
1.05000e+01 -1.90951e+01
1.05417e+01 -1.17408e+01
1.05833e+01 -7.63803e+00
1.06250e+01 -5.98273e+00
1.06667e+01 1.09841e+01
1.07083e+01 1.68959e+01
1.07500e+01 -2.01001e+00
1.07917e+01 7.46068e+00
1.08333e+01 6.03002e-01
1.08750e+01 -5.54526e+00
1.09167e+01 1.53707e+01
1.09583e+01 -1.13506e+01
1.10000e+01 1.74161e+01
1.10417e+01 2.18736e+00
1.10833e+01 5.79355e+00
1.11250e+01 3.14507e+00
1.11667e+01 -1.08777e+00
1.12083e+01 -8.20556e+00
1.12500e+01 2.58936e+00
1.12917e+01 -9.65986e+00
1.13333e+01 1.64584e+01
1.13750e+01 -1.80901e+01
1.14167e+01 -3.15690e+00
1.14583e+01 9.52980e+00
1.15000e+01 -9.00957e+00
1.15417e+01 -9.34063e-01
1.15833e+01 7.36609e+00
1.16250e+01 1.20837e+01
1.16667e+01 1.99937e+01
1.17083e+01 -9.21057e+00
1.17500e+01 1.22965e+01
1.17917e+01 1.92724e+01
1.18333e+01 -2.00291e+01
1.18750e+01 9.75445e+00
1.19167e+01 -1.47795e+01
1.19583e+01 4.56390e+00
1.20000e+01 -5.32061e+00
1.20417e+01 5.84085e+00
1.20833e+01 1.35853e+01
1.21250e+01 -1.67067e+01
1.21667e+01 -4.31561e+00
1.22083e+01 -4.77673e+00
1.22500e+01 -9.09233e+00
1.22917e+01 -1.57963e+01
1.23333e+01 9.68351e+00
1.23750e+01 -2.35880e+01
1.24167e+01 6.24285e+00
1.24583e+01 -1.64348e+00
1.25000e+01 -7.04685e+00
1.25417e+01 -3.47613e+00
1.25833e+01 1.17999e+01
1.26250e+01 -3.70078e+00
1.26667e+01 -2.22874e+01
1.27083e+01 -1.71797e+01
1.27500e+01 5.11961e+00
1.27917e+01 9.48251e+00
1.28333e+01 -7.87450e+00
1.28750e+01 7.73262e+00
1.29167e+01 -1.94734e+01
1.29583e+01 -1.64584e+01
1.30000e+01 3.41701e+00
1.30417e+01 7.35427e+00
1.30833e+01 1.00146e+01
1.31250e+01 -5.15508e+00
1.31667e+01 -7.46068e+00
1.32083e+01 4.07913e+00
1.32500e+01 1.56426e+01
1.32917e+01 -5.00137e+00
1.33333e+01 -5.73444e+00
1.33750e+01 -6.19555e+00
1.34167e+01 -1.88231e+01
1.34583e+01 1.41055e+01
1.35000e+01 8.05186e+00
1.35417e+01 8.15827e-01
1.35833e+01 6.06550e+00
1.36250e+01 -4.70578e+00
1.36667e+01 -2.35289e+00
1.37083e+01 -2.21574e+01
1.37500e+01 1.08304e+01
1.37917e+01 8.46568e+00
1.38333e+01 2.25239e+01
1.38750e+01 7.66168e+00
1.39167e+01 -1.53234e+01
1.39583e+01 1.55717e+01
1.40000e+01 1.78181e+01
1.40417e+01 -2.42383e+00
1.40833e+01 -1.45785e+01
1.41250e+01 -1.55717e+01
1.41667e+01 -1.68013e+01
1.42083e+01 9.41157e+00
1.42500e+01 1.47676e+01
1.42917e+01 -2.28077e+01
1.43333e+01 8.27650e-01
1.43750e+01 1.13861e+01
1.44167e+01 2.14480e+01
1.44583e+01 1.08895e+01
1.45000e+01 1.09959e+00
1.45417e+01 8.07550e+00
1.45833e+01 1.06294e+01
1.46250e+01 -6.50297e-01
1.46667e+01 -1.48741e+01
1.47083e+01 -4.22102e+00
1.47500e+01 7.25968e+00
1.47917e+01 1.16226e+01
1.48333e+01 2.24648e-01
1.48750e+01 3.88996e+00
1.49167e+01 1.60209e+01
1.49583e+01 -8.40656e+00
1.50000e+01 8.74945e-01
1.50417e+01 1.85512e+01
1.50833e+01 1.34198e+01
1.51250e+01 -1.49805e+01
1.51667e+01 1.32779e+01
1.52083e+01 -2.41674e+01
1.52500e+01 1.70851e+01
1.52917e+01 -1.43302e+01
1.53333e+01 -5.35608e+00
1.53750e+01 -9.63622e+00
1.54167e+01 2.32806e+01
1.54583e+01 9.55345e+00
1.55000e+01 -1.45312e+01
1.55417e+01 5.68714e+00
1.55833e+01 -1.18827e+01
1.56250e+01 1.28877e+00
1.56667e+01 1.94498e+01
1.57083e+01 2.31742e+00
1.57500e+01 -1.24857e+01
1.57917e+01 7.93362e+00
1.58333e+01 2.04548e+00
1.58750e+01 6.00638e+00
1.59167e+01 2.87313e+00
1.59583e+01 1.01210e+01
1.60000e+01 2.15071e+01
1.60417e+01 4.72943e+00
1.60833e+01 3.09778e+00
1.61250e+01 9.38792e+00
1.61667e+01 1.37508e+01
1.62083e+01 1.19418e+00
1.62500e+01 6.29014e+00
1.62917e+01 -1.74398e+01
1.63333e+01 -3.87813e+00
1.63750e+01 -8.79674e+00
1.64167e+01 2.50542e+01
1.64583e+01 7.80356e-01
1.65000e+01 1.29941e+01
1.65417e+01 1.57608e+01
1.65833e+01 -1.22847e+01
1.66250e+01 -3.19237e-01
1.66667e+01 7.81538e+00
1.67083e+01 -7.98091e+00
1.67500e+01 2.05257e+01
1.67917e+01 5.91179e-01
1.68333e+01 -2.09277e+00
1.68750e+01 -1.53707e+00
1.69167e+01 2.89678e+00
1.69583e+01 7.80356e+00
1.70000e+01 3.94907e+00
1.70417e+01 -1.73334e+01
1.70833e+01 3.83084e+00
1.71250e+01 -1.54771e+01
1.71667e+01 1.88113e+01
1.72083e+01 9.36427e+00
1.72500e+01 -3.07413e-01
1.72917e+01 9.89633e+00
1.73333e+01 4.83584e+00
1.73750e+01 9.45886e-02
1.74167e+01 -8.86768e-01
1.74583e+01 -9.50616e+00
1.75000e+01 9.54163e+00
1.75417e+01 -1.13625e+01
1.75833e+01 -4.36290e+00
1.76250e+01 -1.55007e+01
1.76667e+01 -1.48977e+00
1.77083e+01 -6.97591e-01
1.77500e+01 1.81610e+01
1.77917e+01 -5.09596e+00
1.78333e+01 -1.36444e+01
1.78750e+01 -2.48295e+00
1.79167e+01 -2.29732e+01
1.79583e+01 5.88814e+00
1.80000e+01 1.63993e+01
1.80417e+01 1.70260e+00
1.80833e+01 8.40656e+00
1.81250e+01 -1.42947e+01
1.81667e+01 8.37109e+00
1.82083e+01 -1.75107e+01
1.82500e+01 -8.72580e+00
1.82917e+01 1.86694e+01
1.83333e+01 1.78654e+01
1.83750e+01 1.31478e+01
1.84167e+01 1.37154e+00
1.84583e+01 5.00137e+00
1.85000e+01 -5.42702e+00
1.85417e+01 7.79174e+00
1.85833e+01 1.31360e+01
1.86250e+01 -1.40701e+00
1.86667e+01 5.91179e-01
1.87083e+01 2.05848e+01
1.87500e+01 -1.53234e+01
1.87917e+01 -1.50159e+00
1.88333e+01 -1.07003e+01
1.88750e+01 1.31242e+00
1.89167e+01 -1.93907e+01
1.89583e+01 -1.06412e+01
1.90000e+01 9.87269e+00
1.90417e+01 -1.79955e+01
1.90833e+01 -5.10779e+00
1.91250e+01 -5.40337e+00
1.91667e+01 -1.57727e+01
1.92083e+01 2.11997e+01
1.92500e+01 -3.66531e-01
1.92917e+01 1.19655e+01
1.93333e+01 -2.20391e+01
1.93750e+01 3.06231e+00
1.94167e+01 -9.76628e+00
1.94583e+01 1.38572e+01
1.95000e+01 1.21192e+01
1.95417e+01 -3.06231e+00
1.95833e+01 4.83584e+00
1.96250e+01 8.41839e+00
1.96667e+01 -2.40019e+00
1.97083e+01 1.57372e+01
1.97500e+01 5.61620e+00
1.97917e+01 5.46249e+00
1.98333e+01 1.63402e+01
1.98750e+01 -2.24884e+01
1.99167e+01 2.63666e+00
1.99583e+01 6.38473e+00
2.00000e+01 7.10597e+00
2.00417e+01 1.91897e+01
2.00833e+01 -1.92724e+00
2.01250e+01 -1.54771e+01
2.01667e+01 -1.71560e+01
2.02083e+01 -1.82556e+01
2.02500e+01 -2.04548e+01
2.02917e+01 -2.15426e+01
2.03333e+01 1.53707e+01
2.03750e+01 2.44748e+00
2.04167e+01 -2.29377e+00
2.04583e+01 -2.34107e+00
2.05000e+01 -8.74945e-01
2.05417e+01 2.01001e-01
2.05833e+01 1.89532e+01
2.06250e+01 -1.67185e+01
2.06667e+01 1.82793e+01
2.07083e+01 -4.83584e+00
2.07500e+01 9.75445e+00
2.07917e+01 -2.08923e+01
2.08333e+01 -1.75225e+01
2.08750e+01 -2.74307e+00
2.09167e+01 -1.13979e+01
2.09583e+01 1.26512e+01
2.10000e+01 -1.43065e+01
2.10417e+01 -2.14007e+00
2.10833e+01 2.16135e+01
2.11250e+01 -3.53525e+00
2.11667e+01 1.41883e+00
2.12083e+01 2.07031e+01
2.12500e+01 1.89177e+00
2.12917e+01 -2.06085e+01
2.13333e+01 1.82793e+01
2.13750e+01 -5.08414e+00
2.14167e+01 9.29333e+00
2.14583e+01 -1.26039e+01
2.15000e+01 2.42147e+01
2.15417e+01 -1.01328e+01
2.15833e+01 4.95408e+00
2.16250e+01 3.53525e+00
2.16667e+01 -7.23603e+00
2.17083e+01 8.19374e+00
2.17500e+01 -8.63121e-01
2.17917e+01 -4.48114e+00
2.18333e+01 1.65412e+01
2.18750e+01 -1.04047e+00
2.19167e+01 -1.07476e+01
2.19583e+01 -5.11961e+00
2.20000e+01 -1.38927e+01
2.20417e+01 -4.37472e+00
2.20833e+01 3.18054e+00
2.21250e+01 -8.27650e-01
2.21667e+01 -8.43021e+00
2.22083e+01 -8.30015e+00
2.22500e+01 9.04504e+00
2.22917e+01 -1.00264e+01
2.23333e+01 -1.66712e+00
2.23750e+01 -2.51842e+00
2.24167e+01 -2.12824e-01
2.24583e+01 -6.26650e-01
2.25000e+01 1.21901e+01
2.25417e+01 2.16371e+00
2.25833e+01 -2.25830e+00
2.26250e+01 -4.95408e+00
2.26667e+01 1.51224e+01
2.27083e+01 8.52480e+00
2.27500e+01 -2.83056e+01
2.27917e+01 1.76762e+01
2.28333e+01 -7.81538e+00
2.28750e+01 2.83766e-01
2.29167e+01 6.99956e+00
2.29583e+01 1.59618e+00
2.30000e+01 3.40519e+00
2.30417e+01 1.11733e+01
2.30833e+01 -1.60801e+00
2.31250e+01 1.54061e+01
2.31667e+01 2.48650e+01
2.32083e+01 2.48295e-01
2.32500e+01 -8.17009e+00
2.32917e+01 -1.37390e+01
2.33333e+01 5.61620e+00
2.33750e+01 -1.62929e+01
2.34167e+01 -2.70996e+01
2.34583e+01 -3.09778e+00
2.35000e+01 7.24785e+00
2.35417e+01 -1.28877e+00
2.35833e+01 1.34434e+01
2.36250e+01 -2.26067e+01
2.36667e+01 -1.57017e+01
2.37083e+01 2.76672e+00
2.37500e+01 1.93552e+01
2.37917e+01 1.51342e+01
2.38333e+01 -3.34607e+00
2.38750e+01 1.00737e+01
2.39167e+01 2.66149e+01
2.39583e+01 -9.55345e+00
2.40000e+01 1.37745e+01
2.40417e+01 5.55708e-01
2.40833e+01 -1.59145e+01
2.41250e+01 2.16963e+01
2.41667e+01 9.57710e+00
2.42083e+01 1.60209e+01
2.42500e+01 2.30560e+00
2.42917e+01 1.89177e-01
2.43333e+01 3.02684e+00
2.43750e+01 -6.68032e+00
2.44167e+01 -1.27695e+01
2.44583e+01 4.95408e+00
2.45000e+01 1.71797e+01
2.45417e+01 -2.07031e+01
2.45833e+01 1.10550e+01
2.46250e+01 -5.01320e+00
2.46667e+01 1.32188e+01
2.47083e+01 5.68714e+00
2.47500e+01 1.37390e+01
2.47917e+01 -9.96728e+00
2.48333e+01 5.19055e+00
2.48750e+01 1.63284e+01
2.49167e+01 2.27486e+01
2.49583e+01 1.70023e+01
2.50000e+01 -3.90178e-01
2.50417e+01 -3.48796e+00
2.50833e+01 2.76672e+00
2.51250e+01 5.49796e+00
2.51667e+01 -2.38836e+01
2.52083e+01 3.42884e+00
2.52500e+01 -4.51661e+00
2.52917e+01 2.83766e+00
2.53333e+01 -4.72943e-02
2.53750e+01 -2.17081e+01
2.54167e+01 -4.77673e+00
2.54583e+01 -6.42020e+00
2.55000e+01 -3.80719e+00
2.55417e+01 -5.95908e+00
2.55833e+01 1.08186e+01
2.56250e+01 -1.04520e+01
2.56667e+01 -1.59264e+01
2.57083e+01 -1.75225e+01
2.57500e+01 3.97272e+00
2.57917e+01 6.62120e+00
2.58333e+01 -1.43302e+01
2.58750e+01 -9.11598e+00
2.59167e+01 9.00957e+00
2.59583e+01 -2.04311e+01
2.60000e+01 1.46612e+01
2.60417e+01 -1.45075e+01
2.60833e+01 -3.02684e+00
2.61250e+01 1.57608e+01
2.61667e+01 1.77354e+01
2.62083e+01 -1.66712e+00
2.62500e+01 -7.38974e+00
2.62917e+01 7.31879e+00
2.63333e+01 -1.73570e+01
2.63750e+01 3.20419e+00
2.64167e+01 -9.73080e+00
2.64583e+01 1.04757e+01
2.65000e+01 1.17290e+01
2.65417e+01 6.98773e+00
2.65833e+01 -1.25566e+01
2.66250e+01 1.25566e+01
2.66667e+01 1.98163e+01
2.67083e+01 1.40109e+01
2.67500e+01 1.89295e+01
2.67917e+01 3.55890e+00
2.68333e+01 -1.11142e+01
2.68750e+01 1.30059e+01
2.69167e+01 -1.50396e+01
2.69583e+01 1.72624e+00
2.70000e+01 6.50297e+00
2.70417e+01 1.83147e+01
2.70833e+01 -6.99956e+00
2.71250e+01 1.95444e+01
2.71667e+01 5.95908e+00
2.72083e+01 -5.66349e+00
2.72500e+01 1.49450e+01
2.72917e+01 -1.28168e+01
2.73333e+01 5.30879e+00
2.73750e+01 1.66358e+01
2.74167e+01 6.01820e+00
2.74583e+01 2.56572e+00
2.75000e+01 -9.34063e-01
2.75417e+01 4.03184e+00
2.75833e+01 1.98873e+01
2.76250e+01 7.54344e+00
2.76667e+01 -3.32243e+00
2.77083e+01 1.78063e+01
2.77500e+01 -2.41792e+01
2.77917e+01 5.79355e+00
2.78333e+01 1.13506e+00
2.78750e+01 1.05466e+01
2.79167e+01 -1.86813e+01
2.79583e+01 -2.22874e+01
2.80000e+01 1.11142e+01
2.80417e+01 5.03684e+00
2.80833e+01 2.01119e+01
2.81250e+01 1.31833e+01
2.81667e+01 1.41528e+01
2.82083e+01 -6.33744e+00
2.82500e+01 -8.46568e+00
2.82917e+01 1.55362e+01
2.83333e+01 -3.66531e+00
2.83750e+01 1.36799e+01
2.84167e+01 3.33425e+00
2.84583e+01 1.61274e+01
2.85000e+01 6.14826e-01
2.85417e+01 -1.74989e+00
2.85833e+01 1.31833e+01
2.86250e+01 -1.39518e+01
2.86667e+01 2.10696e+01
2.87083e+01 8.48933e+00
2.87500e+01 7.56709e+00
2.87917e+01 -2.44393e+01
2.88333e+01 2.84948e+00
2.88750e+01 2.02893e+01
2.89167e+01 9.11598e+00
2.89583e+01 9.95545e+00
2.90000e+01 -2.05139e+01
2.90417e+01 4.02002e+00
2.90833e+01 1.68368e+01
2.91250e+01 -1.21073e+01
2.91667e+01 -1.44248e+00
2.92083e+01 -2.03366e+00
2.92500e+01 -2.41201e+00
2.92917e+01 2.80219e+00
2.93333e+01 -1.11378e+01
2.93750e+01 -1.16108e+01
2.94167e+01 1.24502e+01
2.94583e+01 -7.80356e+00
2.95000e+01 -1.26512e+00
2.95417e+01 -1.90951e+01
2.95833e+01 3.31060e+00
2.96250e+01 -3.97272e+00
2.96667e+01 6.36108e+00
2.97083e+01 4.45749e+00
2.97500e+01 -1.39873e+01
2.97917e+01 -1.07476e+01
2.98333e+01 1.37154e+01
2.98750e+01 1.30059e+00
2.99167e+01 1.13506e+01
2.99583e+01 -1.17645e+01
3.00000e+01 8.40656e+00
3.00417e+01 -2.51133e+01
3.00833e+01 3.09778e+00
3.01250e+01 -3.73625e+00
3.01667e+01 -5.95908e+00
3.02083e+01 -1.22374e+01
3.02500e+01 1.09841e+01
3.02917e+01 -5.24967e+00
3.03333e+01 -2.26894e+01
3.03750e+01 -6.30197e+00
3.04167e+01 3.40519e+00
3.04583e+01 -5.79355e-01
3.05000e+01 -1.58199e+01
3.05417e+01 1.83265e+00
3.05833e+01 -3.79537e+00
3.06250e+01 5.71079e+00
3.06667e+01 -2.44748e+00
3.07083e+01 -1.99818e+01
3.07500e+01 1.31596e+01
3.07917e+01 -1.45430e+01
3.08333e+01 -1.13506e+00
3.08750e+01 1.44248e+00
3.09167e+01 2.35289e+00
3.09583e+01 -1.82911e+01
3.10000e+01 -5.32061e+00
3.10417e+01 -1.64584e+01
3.10833e+01 -1.54416e+01
3.11250e+01 1.65530e-01
3.11667e+01 -1.66831e+01
3.12083e+01 2.50660e+00
3.12500e+01 -4.81220e+00
3.12917e+01 3.66531e+00
3.13333e+01 8.98592e+00
3.13750e+01 -1.57845e+01
3.14167e+01 3.41701e+00
3.14583e+01 6.62120e-01
3.15000e+01 -2.35289e+00
3.15417e+01 2.21101e+01
3.15833e+01 1.08186e+01
3.16250e+01 -1.07358e+01
3.16667e+01 7.81538e+00
3.17083e+01 -6.62120e+00
3.17500e+01 -9.11598e+00
3.17917e+01 -9.55345e+00
3.18333e+01 5.34426e+00
3.18750e+01 -7.47250e+00
3.19167e+01 1.61983e+00
3.19583e+01 1.62338e+01
3.20000e+01 -1.63520e+01
3.20417e+01 -1.12915e+01
3.20833e+01 1.87049e+01
3.21250e+01 6.42020e+00
3.21667e+01 9.29333e+00
3.22083e+01 -2.23466e+01
3.22500e+01 1.98045e+01
3.22917e+01 9.71898e+00
3.23333e+01 -1.97454e+00
3.23750e+01 -2.00055e+01
3.24167e+01 -5.17873e+00
3.24583e+01 9.74263e+00
3.25000e+01 1.64702e+01
3.25417e+01 2.11879e+01
3.25833e+01 1.04047e+01
3.26250e+01 -1.96744e+01
3.26667e+01 1.50987e+01
3.27083e+01 1.46139e+01
3.27500e+01 2.03602e+01
3.27917e+01 2.38836e+00
3.28333e+01 -3.49978e+00
3.28750e+01 3.42884e+00
3.29167e+01 5.92361e+00
3.29583e+01 -4.72943e-02
3.30000e+01 1.36681e+01
3.30417e+01 1.55125e+01
3.30833e+01 9.54163e+00
3.31250e+01 -2.37063e+01
3.31667e+01 2.57754e+00
3.32083e+01 -1.57017e+01
3.32500e+01 -5.08414e-01
3.32917e+01 1.30059e+01
3.33333e+01 -2.21101e+01
3.33750e+01 -6.29014e+00
3.34167e+01 5.92361e+00
3.34583e+01 1.47913e+01
3.35000e+01 1.91778e+01
3.35417e+01 -6.85768e-01
3.35833e+01 -1.58672e+01
3.36250e+01 -1.96981e+01
3.36667e+01 -2.00291e+01
3.37083e+01 1.24502e+01
3.37500e+01 -1.18236e-02
3.37917e+01 8.32380e+00
3.38333e+01 -3.31060e-01
3.38750e+01 -1.31596e+01
3.39167e+01 -5.07231e+00
3.39583e+01 1.21310e+01
3.40000e+01 -1.72861e+01
3.40417e+01 1.57254e+01
3.40833e+01 3.54707e-02
3.41250e+01 -8.40656e+00
3.41667e+01 4.50478e+00
3.42083e+01 -2.10696e+01
3.42500e+01 5.73444e+00
3.42917e+01 -1.13625e+01
3.43333e+01 7.62621e+00
3.43750e+01 -1.98636e+00
3.44167e+01 7.37791e+00
3.44583e+01 3.08595e+00
3.45000e+01 4.58755e+00
3.45417e+01 1.01565e+01
3.45833e+01 5.36790e+00
3.46250e+01 -3.64166e+00
3.46667e+01 -1.34198e+01
3.47083e+01 -3.54707e-02
3.47500e+01 4.20919e+00
3.47917e+01 -1.33488e+01
3.48333e+01 1.65294e+01
3.48750e+01 -4.18555e+00
3.49167e+01 -6.56209e+00
3.49583e+01 1.09368e+01
3.50000e+01 1.46612e+01
3.50417e+01 -3.65349e+00
3.50833e+01 1.36444e+01
3.51250e+01 1.23202e+01
3.51667e+01 1.17408e+01
3.52083e+01 -1.16344e+01
3.52500e+01 5.32061e+00
3.52917e+01 -4.16190e+00
3.53333e+01 9.67169e+00
3.53750e+01 1.71442e+00
3.54167e+01 -2.07858e+01
3.54583e+01 1.22847e+01
3.55000e+01 -1.30059e+01
3.55417e+01 -2.53498e+01
3.55833e+01 -2.08686e+01
3.56250e+01 -9.94363e+00
3.56667e+01 1.86931e+01
3.57083e+01 -5.32061e-01
3.57500e+01 -1.84448e+00
3.57917e+01 -1.93434e+01
3.58333e+01 -1.57372e+01
3.58750e+01 2.03247e+01
3.59167e+01 8.60756e+00
3.59583e+01 -8.77309e+00
3.60000e+01 -9.81357e-01
3.60417e+01 1.47204e+01
3.60833e+01 -9.80175e+00
3.61250e+01 -5.72261e+00
3.61667e+01 -1.10550e+01
3.62083e+01 2.19209e+01
3.62500e+01 1.75817e+01
3.62917e+01 2.58936e+00
3.63333e+01 -1.52288e+01
3.63750e+01 -3.10487e+01
3.64167e+01 -1.84448e+00
3.64583e+01 1.13979e+01
3.65000e+01 1.57254e+00
3.65417e+01 -1.44839e+01
3.65833e+01 -6.51479e+00
3.66250e+01 7.92180e-01
3.66667e+01 2.23820e+01
3.67083e+01 -7.47250e+00
3.67500e+01 5.91179e-01
3.67917e+01 3.83084e+00
3.68333e+01 1.14452e+01
3.68750e+01 9.38792e+00
3.69167e+01 7.81538e+00
3.69583e+01 -6.06550e+00
3.70000e+01 -7.90997e+00
3.70417e+01 1.74752e+01
3.70833e+01 5.32061e-01
3.71250e+01 -9.68351e+00
3.71667e+01 9.69533e-01
3.72083e+01 1.52524e+01
3.72500e+01 7.99274e+00
3.72917e+01 4.32743e+00
3.73333e+01 1.50159e+00
3.73750e+01 5.73444e+00
3.74167e+01 1.00973e+01
3.74583e+01 -1.37154e+00
3.75000e+01 -1.66712e+00
3.75417e+01 -1.18945e+01
3.75833e+01 -8.46568e+00
3.76250e+01 5.79355e-01
3.76667e+01 4.84767e-01
3.77083e+01 6.24285e+00
3.77500e+01 -2.04548e+01
3.77917e+01 -8.72580e+00
3.78333e+01 2.29377e+01
3.78750e+01 1.10196e+01
3.79167e+01 4.88314e+00
3.79583e+01 -2.21219e+01
3.80000e+01 -2.26894e+01
3.80417e+01 -2.54798e+01
3.80833e+01 -1.34789e+01
3.81250e+01 2.49359e+01
3.81667e+01 5.32061e+00
3.82083e+01 -1.30769e+01
3.82500e+01 1.29350e+01
3.82917e+01 2.07386e+01
3.83333e+01 2.09396e+01
3.83750e+01 1.42829e+01
3.84167e+01 1.16462e+01
3.84583e+01 4.36290e+00
3.85000e+01 1.89177e+00
3.85417e+01 -1.02865e+00
3.85833e+01 -2.89086e+01
3.86250e+01 -5.91179e+00
3.86667e+01 4.50478e+00
3.87083e+01 -1.06649e+01
3.87500e+01 -2.35407e+01
3.87917e+01 2.90860e+00
3.88333e+01 -6.07732e+00
3.88750e+01 5.42702e+00
3.89167e+01 -1.82201e+01
3.89583e+01 2.93225e+00
3.90000e+01 -1.94025e+01
3.90417e+01 4.13825e-01
3.90833e+01 -3.81902e+00
3.91250e+01 7.02321e+00
3.91667e+01 -6.62120e-01
3.92083e+01 1.82674e+01
3.92500e+01 -3.67713e+00
3.92917e+01 1.48977e+01
3.93333e+01 -2.54207e+00
3.93750e+01 1.77590e+01
3.94167e+01 -1.28759e+01
3.94583e+01 2.32924e+00
3.95000e+01 4.02002e+00
3.95417e+01 -1.47322e+01
3.95833e+01 1.53707e+01
3.96250e+01 -2.33752e+01
3.96667e+01 -3.23138e+01
3.97083e+01 -1.02865e+01
3.97500e+01 1.44248e+01
3.97917e+01 -1.78772e+01
3.98333e+01 -3.78354e+00
3.98750e+01 1.07240e+01
3.99167e+01 1.64348e+00
3.99583e+01 5.89997e+00
4.00000e+01 -8.05186e+00
4.00417e+01 1.58436e+00
4.00833e+01 -4.00819e+00
4.01250e+01 -1.54534e+01
4.01667e+01 -1.71797e+01
4.02083e+01 -3.77172e+00
4.02500e+01 1.46967e+01
4.02917e+01 -6.50297e+00
4.03333e+01 -8.63121e+00
4.03750e+01 -2.43329e+01
4.04167e+01 1.48031e+01
4.04583e+01 -1.50514e+01
4.05000e+01 6.27832e+00
4.05417e+01 -2.41910e+01
4.05833e+01 -1.21428e+01
4.06250e+01 1.06057e+01
4.06667e+01 -2.58936e+00
4.07083e+01 -4.96590e-01
4.07500e+01 -1.54889e+00
4.07917e+01 -2.70287e+01
4.08333e+01 9.00957e+00
4.08750e+01 2.81874e+01
4.09167e+01 -8.33562e+00
4.09583e+01 -2.28195e+00
4.10000e+01 5.99455e+00
4.10417e+01 1.79600e+01
4.10833e+01 -2.27013e+00
4.11250e+01 -3.60619e+00
4.11667e+01 -1.51697e+01
4.12083e+01 -7.56709e-01
4.12500e+01 1.54179e+01
4.12917e+01 -6.96409e+00
4.13333e+01 7.95727e+00
4.13750e+01 -1.46021e+01
4.14167e+01 1.42947e+01
4.14583e+01 -5.67532e+00
4.15000e+01 7.05868e+00
4.15417e+01 -2.12470e+01
4.15833e+01 7.81538e+00
4.16250e+01 -4.16190e+00
4.16667e+01 -1.98873e+01
4.17083e+01 -1.22138e+01
4.17500e+01 1.25212e+01
4.17917e+01 -1.77827e+01
4.18333e+01 -1.37035e+01
4.18750e+01 -1.60328e+01
4.19167e+01 -4.22102e+00
4.19583e+01 1.67895e+00
4.20000e+01 -1.36799e+01
4.20417e+01 1.83265e+00
4.20833e+01 -2.86485e+01
4.21250e+01 4.52843e+00
4.21667e+01 3.57072e+00
4.22083e+01 -1.20364e+01
4.22500e+01 1.18827e+01
4.22917e+01 -2.43329e+01
4.23333e+01 1.87877e+01
4.23750e+01 -3.16872e+00
4.24167e+01 -8.19374e+00
4.24583e+01 -2.34580e+01
4.25000e+01 1.54416e+01
4.25417e+01 2.24057e+01
4.25833e+01 1.00855e+01
4.26250e+01 3.40519e+00
4.26667e+01 -7.56709e+00
4.27083e+01 -1.90714e+01
4.27500e+01 4.15008e+00
4.27917e+01 -2.14953e+01
4.28333e+01 -1.68131e+01
4.28750e+01 -1.55244e+01
4.29167e+01 -1.84448e+00
4.29583e+01 -1.96981e+01
4.30000e+01 2.14007e+00
4.30417e+01 -1.39400e+01
4.30833e+01 -1.30059e+01
4.31250e+01 8.66668e+00
4.31667e+01 1.46849e+01
4.32083e+01 7.15326e+00
4.32500e+01 -7.92180e+00
4.32917e+01 1.80901e+00
4.33333e+01 1.55007e+01
4.33750e+01 -1.82320e+01
4.34167e+01 -1.36444e+01
4.34583e+01 1.12206e+01
4.35000e+01 1.44129e+01
4.35417e+01 2.28313e+01
4.35833e+01 -6.53844e+00
4.36250e+01 -1.92488e+01
4.36667e+01 1.56308e+01
4.37083e+01 3.26331e+00
4.37500e+01 -1.57017e+01
4.37917e+01 1.80783e+01
4.38333e+01 2.40019e+00
4.38750e+01 -1.91660e+01
4.39167e+01 -1.30059e-01
4.39583e+01 -1.30651e+01
4.40000e+01 -4.22102e+00
4.40417e+01 5.56891e+00
4.40833e+01 -1.55244e+01
4.41250e+01 1.05821e+01
4.41667e+01 -1.77827e+01
4.42083e+01 -2.42620e+01
4.42500e+01 1.09368e+01
4.42917e+01 -1.50987e+01
4.43333e+01 -1.00500e+00
4.43750e+01 5.65167e+00
4.44167e+01 -7.40156e+00
4.44583e+01 -3.31060e+00
4.45000e+01 1.64584e+01
4.45417e+01 -1.16226e+01
4.45833e+01 1.33133e+01
4.46250e+01 -4.51661e+00
4.46667e+01 -3.57072e+00
4.47083e+01 2.49477e+00
4.47500e+01 -1.73570e+01
4.47917e+01 9.34063e+00
4.48333e+01 2.00291e+01
4.48750e+01 -2.09869e+01
4.49167e+01 9.73080e+00
4.49583e+01 7.07050e+00
4.50000e+01 1.23793e+01
4.50417e+01 -6.33744e+00
4.50833e+01 -5.79355e-01
4.51250e+01 -1.61274e+01
4.51667e+01 1.21192e+01
4.52083e+01 5.74626e+00
4.52500e+01 -3.79537e+00
4.52917e+01 -2.43329e+01
4.53333e+01 1.98518e+01
4.53750e+01 -3.68896e+00
4.54167e+01 1.79364e+01
4.54583e+01 -3.15690e+00
4.55000e+01 -1.20600e+00
4.55417e+01 6.42020e+00
4.55833e+01 2.38836e+00
4.56250e+01 -3.27513e+00
4.56667e+01 1.32779e+01
4.57083e+01 -1.76881e+01
4.57500e+01 1.21783e+01
4.57917e+01 -5.40337e+00
4.58333e+01 -2.02420e+01
4.58750e+01 3.93725e+00
4.59167e+01 -7.41338e+00
4.59583e+01 -1.00264e+01
4.60000e+01 -5.11961e+00
4.60417e+01 1.91542e+01
4.60833e+01 -1.13033e+01
4.61250e+01 -1.10078e+01
4.61667e+01 -1.70732e+01
4.62083e+01 1.32542e+01
4.62500e+01 3.23966e+00
4.62917e+01 -6.85768e+00
4.63333e+01 -2.54207e+01
4.63750e+01 -7.21238e-01
4.64167e+01 1.38927e+01
4.64583e+01 -1.50159e+01
4.65000e+01 3.27513e+00
4.65417e+01 1.85985e+01
4.65833e+01 -1.69077e+00
4.66250e+01 9.86086e+00
4.66667e+01 4.89496e+00
4.67083e+01 -1.92370e+01
4.67500e+01 8.57209e+00
4.67917e+01 3.62984e+00
4.68333e+01 3.27513e+00
4.68750e+01 3.74807e+00
4.69167e+01 -1.18236e-01
4.69583e+01 4.84767e-01
4.70000e+01 1.43065e+00
4.70417e+01 1.36326e+01
4.70833e+01 2.31742e+00
4.71250e+01 1.06412e-01
4.71667e+01 -4.49296e+00
4.72083e+01 -1.62811e+01
4.72500e+01 4.11461e+00
4.72917e+01 -1.13743e+01
4.73333e+01 -7.03503e+00
4.73750e+01 -7.86268e+00
4.74167e+01 2.28195e+00
4.74583e+01 1.00500e+01
4.75000e+01 -2.71942e+00
4.75417e+01 -2.08450e+01
4.75833e+01 9.18692e+00
4.76250e+01 -5.46249e+00
4.76667e+01 -2.25003e+01
4.77083e+01 1.16699e+01
4.77500e+01 -1.38691e+01
4.77917e+01 1.85630e+00
4.78333e+01 3.35790e+00
4.78750e+01 1.76290e+01
4.79167e+01 -1.93907e+01
4.79583e+01 1.91187e+01
4.80000e+01 4.13825e-01
